82 53
100 500
89 27
58 98
31 89
49 24
39 17
28 64
61 36
48 56
50 52
52 23
70 97
6 64
88 35
87 42
82 53
19 97
71 81
43 9
36 92
3 52
32 17
92 43
80 66
67 90
65 36
88 89
41 89
77 92
26 7
51 81
43 54
15 1
89 87
64 13
62 5
36 17
61 46
41 88
69 36
38 46
43 37
14 85
55 12
50 26
55 33
10 73
24 81
50 85
28 80
95 32
21 36
6 65
31 63
10 20
23 97
41 78
15 3
4 94
40 22
63 30
10 46
49 65
12 36
58 21
46 67
84 21
54 98
98 53
71 30
55 68
98 96
65 35
88 58
6 91
57 92
51 9
29 31
81 13
8 42
45 36
52 25
59 68
27 79
18 55
93 51
24 86
23 7
57 40
97 18
3 18
83 45
13 95
62 33
68 18
83 15
35 40
13 84
83 96
56 88
3 97
26 63
59 76
73 31
88 3
76 73
63 73
83 35
14 23
78 19
44 69
45 23
10 51
6 17
64 31
52 13
16 73
27 20
48 13
52 51
80 69
66 76
28 12
74 73
59 42
2 76
34 83
77 61
38 91
81 60
20 62
11 70
73 7
68 71
66 72
17 51
7 31
25 50
15 78
82 81
83 26
89 19
95 98
68 20
65 30
41 90
1 85
60 43
22 99
55 94
34 26
89 96
92 70
90 11
54 21
32 71
6 71
71 1
1 2
8 86
78 34
86 38
37 4
28 27
98 52
96 93
16 35
77 19
58 32
61 20
61 68
1 17
44 8
83 87
17 87
27 93
44 6
11 2
96 8
43 38
13 44
45 85
9 26
88 49
13 88
64 55
22 46
91 5
42 49
48 31
75 25
8 92
50 13
11 35
98 59
64 26
28 60
41 54
50 24
92 49
82 79
46 97
99 31
5 15
93 41
75 7
6 66
2 85
43 36
25 40
45 89
76 46
7 39
33 15
56 6
33 73
45 21
98 77
3 19
44 82
42 34
19 24
29 91
30 91
18 25
37 87
34 70
65 86
75 35
32 35
1 55
64 83
73 35
44 60
35 0
96 88
19 92
73 58
67 97
34 1
32 65
48 81
98 56
21 92
83 62
48 40
79 53
55 35
10 12
69 67
0 7
12 54
80 40
49 45
28 69
3 26
69 31
80 44
85 68
49 13
29 89
54 87
42 6
72 14
19 42
37 73
52 7
99 98
96 2
13 31
72 85
41 94
31 38
23 6
10 82
59 77
91 82
21 18
25 71
94 25
81 16
38 73
58 46
9 18
47 24
47 51
97 65
15 92
13 15
21 19
4 49
24 66
46 85
76 1
41 68
33 3
67 43
5 36
35 41
39 93
27 31
75 72
88 80
40 10
64 65
10 86
6 48
54 0
68 46
23 96
28 86
45 94
20 71
60 4
68 83
52 4
66 18
89 22
16 98
25 60
13 36
86 51
85 78
66 79
79 90
41 91
81 42
49 73
91 45
54 97
27 46
63 93
65 85
83 73
80 36
7 64
38 55
25 74
9 5
29 80
25 83
86 46
7 5
13 75
69 75
73 96
29 99
81 63
99 46
10 27
86 77
86 80
95 21
88 94
74 75
94 16
51 89
25 67
70 98
52 28
18 1
62 60
20 80
26 89
86 52
41 83
73 61
12 35
47 3
78 20
84 23
44 61
41 80
62 12
88 68
36 97
88 97
10 34
42 43
54 39
37 61
44 84
49 80
22 47
66 31
42 48
0 13
98 66
57 10
64 48
45 63
37 38
94 43
62 3
83 70
89 25
96 0
50 59
19 4
13 54
41 15
65 78
20 5
28 89
65 99
2 80
67 22
38 11
40 68
59 92
71 85
93 44
80 8
1 63
25 17
95 9
0 43
8 58
67 88
17 98
73 66
62 59
33 81
40 23
13 66
72 52
36 4
36 52
57 45
92 87
9 97
80 62
44 46
43 31
29 44
41 96
35 7
46 39
73 99
87 82
36 20
82 61
78 11
5 44
79 61
32 46
95 79
79 31
1 93
51 79
29 51
60 37
59 44
60 66
39 24
6 67
50 66
7 94
61 81
41 69
19 15
29 43
37 69
71 46
2 95
95 30
11 50
72 32
7 45
25 70
32 21
22 14
11 97
94 87
5 10
95 89
2 12
0 91
66 23
8 48
3 96
36 83
98 49
23 61
23 69
26 94
16 88
85 95
91 80
49 71
47 32
68 23
76 98
68 48
55 27
7 93
22 66
63 59
54 32
36 10
10 56
