5 19
20 100
5 19
12 4
1 0
7 6
13 17
18 16
5 6
1 2
16 1
16 12
19 6
14 11
8 16
14 5
12 14
15 11
18 13
5 7
17 18
15 5
7 11
10 8
8 14
2 19
9 14
17 8
0 6
12 3
8 2
4 7
2 7
9 19
19 11
1 15
6 15
2 12
14 15
9 10
17 16
12 9
1 4
4 18
17 11
18 12
3 11
3 18
13 10
5 17
9 16
5 12
3 10
9 8
2 11
3 5
11 5
14 6
3 1
15 7
15 16
13 1
0 4
10 2
6 10
15 19
18 1
15 3
17 2
16 2
13 16
10 16
10 4
0 10
17 19
4 16
0 14
3 7
0 12
17 6
4 13
18 14
3 0
13 2
14 1
6 3
9 17
18 9
16 7
6 9
17 7
18 7
14 16
10 15
4 19
2 9
1 5
3 14
13 8
13 14
15 2
4 14