42 49
1000 10000
164 689
5 941
652 906
432 31
910 658
652 267
154 74
534 945
699 155
234 461
650 516
488 334
835 288
683 578
383 99
647 752
664 137
618 233
51 899
715 675
736 255
487 20
165 666
491 919
888 301
236 654
971 970
202 589
42 49
459 447
640 299
276 367
807 626
905 604
215 987
126 418
813 649
646 545
725 295
312 652
139 186
874 25
570 945
678 928
927 346
401 73
368 402
74 54
470 560
256 330
690 150
428 677
68 149
197 118
174 92
162 844
703 318
906 456
387 405
975 234
0 902
385 702
219 75
151 347
377 862
169 888
626 793
217 243
751 79
279 608
388 262
387 18
865 140
206 489
178 603
369 192
822 459
983 25
709 298
495 312
51 546
1 57
89 759
185 406
482 11
529 321
403 408
977 266
780 954
570 438
811 846
745 653
480 403
559 934
146 196
100 937
280 374
91 816
93 724
913 419
130 837
767 55
87 447
112 962
613 178
52 125
418 851
538 294
455 27
820 737
38 84
828 619
453 488
469 227
272 845
604 110
555 969
293 461
868 590
650 132
399 42
654 129
707 725
424 47
330 896
667 15
934 79
498 114
334 658
529 5
104 134
590 874
656 26
911 263
383 337
957 85
503 316
861 598
2 961
800 60
891 132
384 123
996 920
547 298
134 969
812 771
295 145
540 588
822 6
152 441
122 821
884 232
912 645
5 881
683 986
412 896
118 44
703 984
997 187
625 742
842 834
754 527
955 581
433 671
32 824
61 207
130 637
219 754
903 993
394 172
242 668
546 208
232 92
579 52
933 605
226 803
197 559
254 815
935 955
593 296
531 451
50 174
683 381
999 927
768 612
167 469
964 620
598 295
612 840
417 682
57 977
729 468
854 149
6 889
616 931
522 428
666 736
554 786
691 938
502 666
505 647
755 861
90 434
23 883
301 87
587 508
883 366
602 103
20 615
398 59
987 843
714 855
563 3
793 448
891 664
797 615
380 846
12 228
548 909
229 835
99 405
968 513
59 997
652 491
173 80
738 819
773 422
422 633
951 866
918 802
835 581
754 719
196 630
171 956
271 587
97 987
967 649
197 460
293 253
581 868
44 229
486 88
603 565
467 604
35 577
259 452
776 932
601 357
733 155
645 433
688 426
96 382
444 768
300 402
45 273
106 989
15 32
477 3
591 655
148 61
451 341
365 98
933 906
725 711
922 354
20 704
721 403
389 273
655 229
355 327
744 406
558 948
488 151
421 90
271 662
494 615
218 872
625 705
790 547
362 495
928 477
717 972
552 685
212 41
508 132
876 125
457 519
382 819
780 492
633 497
158 359
940 208
110 992
417 917
136 970
358 227
819 826
909 210
761 618
963 976
351 81
357 610
940 289
910 824
863 925
245 250
337 77
155 891
529 55
659 937
446 780
466 485
375 908
710 229
846 606
395 291
164 993
752 146
814 544
57 213
28 149
893 780
90 45
719 451
344 123
986 729
788 140
197 650
247 359
286 393
965 527
706 102
966 958
115 144
873 63
947 655
425 904
821 392
775 627
299 926
158 391
345 441
406 232
376 102
17 423
407 851
929 847
668 821
818 638
417 768
68 659
161 714
144 802
337 188
403 954
555 670
961 48
398 966
249 417
74 725
431 657
39 294
703 867
885 228
164 579
333 391
664 488
799 770
422 736
53 172
339 999
724 784
563 464
83 92
528 614
484 635
949 895
136 111
993 550
919 655
695 251
293 72
139 513
872 427
334 317
757 443
2 150
170 673
993 404
238 422
39 497
469 268
473 871
896 305
581 365
193 793
393 594
708 143
847 388
680 24
366 892
309 349
740 2
840 803
47 609
618 664
51 967
167 523
781 76
385 345
319 180
581 376
436 450
821 297
67 482
885 287
360 539
1 551
541 936
875 699
905 410
787 150
951 212
558 494
639 402
681 649
345 278
599 14
997 816
574 298
632 914
840 707
457 333
221 916
322 148
414 965
18 427
708 22
167 915
103 376
72 789
219 192
385 800
348 25
552 913
434 844
428 678
463 79
5 543
62 512
630 889
430 428
543 352
499 937
255 121
158 316
727 537
354 199
554 821
872 3
469 894
178 2
62 944
568 267
934 488
477 612
238 542
860 925
235 213
740 593
806 727
223 739
604 508
248 619
390 145
91 96
515 297
958 812
104 475
389 719
890 47
924 632
331 142
469 775
864 373
641 424
243 437
587 77
36 19
304 996
242 207
643 255
120 547
325 350
434 618
361 229
430 258
382 811
112 351
253 857
694 238
994 194
522 291
272 877
822 23
125 260
649 561
677 633
384 840
498 676
704 634
264 435
775 124
207 751
434 311
785 630
57 259
356 378
15 475
666 742
222 708
787 672
759 3
804 0
422 74
289 747
972 295
342 428
847 914
939 72
36 456
574 500
773 968
762 662
181 242
484 36
911 535
703 724
119 897
702 570
952 103
438 943
45 69
446 660
923 566
199 795
307 695
293 510
622 450
208 735
705 227
292 139
687 419
131 4
774 366
21 265
553 99
566 884
917 24
38 592
32 711
398 740
371 9
797 9
80 37
642 764
526 532
916 120
441 101
85 835
671 528
134 355
182 817
844 117
552 715
288 850
960 703
516 615
903 592
792 807
7 731
533 335
705 328
809 773
121 135
81 742
231 234
93 771
881 445
564 855
235 36
393 488
793 570
469 79
443 425
260 718
191 986
484 21
829 762
359 264
299 536
337 673
153 279
885 437
743 124
19 398
490 270
988 341
37 444
358 537
564 863
114 824
12 838
483 721
551 392
977 300
259 106
475 711
514 644
332 173
196 978
276 493
984 124
423 949
410 730
10 736
238 640
145 131
498 874
310 784
554 964
253 205
637 297
659 253
453 494
796 128
764 1
507 921
242 195
540 60
210 872
645 282
876 367
252 466
206 210
58 798
579 28
933 119
989 297
939 598
263 743
242 264
451 463
28 589
747 760
968 214
171 560
428 936
291 983
718 241
138 707
274 454
653 946
806 207
968 399
993 783
11 612
881 139
726 808
836 391
799 829
159 151
376 80
418 913
958 398
860 117
547 192
218 85
437 923
819 583
664 951
648 420
806 929
983 28
463 238
742 216
467 647
988 188
412 796
483 415
737 86
338 336
365 222
223 383
535 955
210 309
802 123
732 56
764 66
734 807
211 936
582 495
347 154
812 104
61 887
612 519
730 349
268 560
573 199
148 791
158 30
461 284
26 674
786 25
448 738
579 960
879 951
449 718
658 426
436 551
878 821
759 788
682 581
165 664
549 682
13 210
406 200
457 783
164 517
853 400
478 31
298 508
741 17
106 66
741 194
69 605
298 611
874 803
384 35
42 36
250 801
487 892
900 716
282 29
701 706
489 28
611 580
743 5
410 346
781 854
464 640
670 134
527 380
809 960
534 707
703 248
833 0
252 648
604 576
323 151
55 460
146 431
523 444
205 113
347 213
382 319
213 911
562 846
536 901
518 183
64 417
936 576
340 411
826 491
553 886
450 898
943 192
829 254
121 28
313 643
162 830
258 561
43 618
324 970
369 441
391 611
547 313
681 80
897 895
253 937
112 180
601 867
842 106
69 884
378 337
855 119
525 242
508 488
620 358
545 148
334 284
215 200
682 807
981 941
666 848
655 853
836 308
861 453
10 28
878 494
817 389
315 761
798 436
952 383
460 616
669 786
611 619
683 892
874 694
953 114
797 545
78 156
881 396
777 108
492 116
261 840
227 269
392 390
691 792
58 883
432 226
299 143
804 281
69 153
367 412
497 483
356 494
493 105
245 150
275 668
325 846
573 661
547 869
460 160
694 619
7 407
484 929
768 879
853 627
507 331
636 771
785 980
197 675
785 506
601 639
221 337
255 524
218 434
350 489
313 701
957 81
178 464
347 353
809 519
778 20
841 680
637 73
12 905
347 85
548 97
220 187
364 855
728 797
248 835
71 317
83 247
227 340
72 706
761 102
24 489
359 225
313 706
551 104
759 510
441 576
996 850
8 326
796 563
546 554
524 555
779 5
448 12
411 674
355 912
267 796
633 787
776 580
489 918
198 629
910 248
37 647
85 514
209 163
376 536
523 305
385 535
229 460
882 127
211 279
993 207
389 567
146 736
889 84
468 471
133 892
589 170
258 774
857 709
828 272
270 598
163 379
626 752
919 893
70 398
37 131
274 986
173 147
294 786
574 802
881 425
64 175
620 802
606 919
532 824
360 828
86 84
855 946
613 283
857 712
552 907
428 719
263 731
119 283
91 916
932 106
789 112
554 805
598 518
543 35
510 710
387 21
177 863
871 593
211 546
476 150
628 515
585 848
135 100
604 25
4 614
977 157
614 613
656 840
966 238
641 446
398 504
947 446
657 68
856 386
686 41
856 65
712 106
175 739
111 394
102 923
913 373
543 748
78 314
279 631
334 731
751 104
619 276
956 230
625 54
863 485
41 599
295 106
653 240
210 802
78 219
867 919
825 526
189 424
48 584
429 844
156 903
997 579
160 964
309 177
233 596
292 776
498 515
373 969
645 655
933 86
259 366
168 687
364 886
315 399
809 159
940 522
654 198
285 933
918 809
176 722
111 594
517 311
573 114
662 946
82 947
27 491
75 561
745 22
982 974
998 355
367 690
200 588
113 60
755 882
617 639
569 932
23 179
963 814
606 38
670 554
131 671
41 853
642 871
723 96
627 141
761 690
556 509
509 102
264 436
706 94
389 458
196 132
43 740
804 697
968 804
65 132
697 336
362 816
131 837
856 853
441 206
252 548
639 237
519 210
543 437
861 558
269 549
65 600
100 531
969 481
99 13
194 962
587 552
59 805
182 120
240 211
138 52
189 987
338 85
826 652
669 803
622 543
879 428
268 756
70 730
571 768
632 600
73 344
992 745
719 668
95 292
359 75
431 792
569 342
810 120
638 236
105 588
444 170
528 948
920 212
415 344
994 245
300 313
794 775
100 718
72 455
544 252
513 112
204 902
870 282
843 20
334 599
590 875
643 914
683 793
90 836
226 779
836 628
467 981
514 746
299 661
797 617
134 500
891 407
566 514
30 586
985 909
630 456
41 910
31 75
788 176
797 407
596 845
419 953
489 855
612 239
610 400
248 230
963 63
160 155
673 360
421 722
760 70
387 356
325 103
819 777
952 212
261 370
408 99
668 49
819 780
588 695
501 852
463 890
109 785
532 161
872 539
25 326
301 203
639 751
871 627
708 264
673 458
703 408
531 98
155 542
195 223
94 585
743 278
436 705
223 167
996 549
231 193
620 354
370 569
848 788
634 6
574 572
772 740
181 855
897 468
668 974
142 516
687 55
133 784
83 560
20 340
91 667
148 604
131 266
732 899
202 296
379 181
805 850
893 857
45 328
629 902
474 964
960 608
714 414
842 751
538 361
130 949
853 630
520 306
802 107
223 326
951 559
854 386
420 868
800 211
363 98
355 723
531 204
502 726
627 761
339 167
771 802
884 645
471 947
529 205
765 447
392 949
805 860
206 929
840 72
473 558
257 135
864 913
441 618
610 795
135 390
883 460
203 918
173 8
643 821
979 730
383 988
137 308
479 356
775 304
253 169
884 622
397 948
816 171
825 403
641 874
496 390
295 946
286 697
491 731
655 201
666 37
453 77
215 792
882 11
830 898
815 851
54 592
570 828
222 380
974 177
832 351
52 32
242 196
128 599
89 761
151 563
592 66
827 366
799 412
697 380
439 467
858 931
121 432
709 212
798 354
622 962
321 287
23 286
969 600
388 124
27 527
437 310
748 365
781 556
787 700
192 236
821 838
225 379
826 1
816 584
973 495
643 433
562 494
188 885
319 80
920 181
637 360
975 983
728 706
455 457
289 85
595 855
893 209
673 897
654 119
641 435
527 577
634 130
269 838
542 8
313 306
918 205
762 0
40 898
568 173
372 723
851 331
879 736
994 966
638 383
255 142
84 402
943 898
662 57
688 749
540 132
131 464
930 192
992 412
93 595
537 154
233 316
807 161
814 636
808 570
828 939
203 187
275 473
466 151
837 642
229 647
655 933
664 415
674 721
498 567
912 309
374 524
714 2
663 243
143 550
653 497
478 360
4 866
228 836
203 908
217 570
722 351
317 351
164 227
944 783
460 838
679 308
84 17
947 152
721 61
307 140
122 55
729 219
688 670
154 150
63 93
79 436
145 401
201 877
292 32
209 867
26 820
526 198
47 371
727 586
32 36
712 344
110 152
777 550
129 755
114 107
681 502
227 571
920 426
607 539
500 506
777 994
632 357
143 197
866 207
331 605
823 404
81 830
419 528
626 199
229 598
574 713
406 306
361 101
386 181
260 167
335 725
348 361
210 702
104 925
890 849
947 995
380 232
98 651
749 515
488 696
718 826
4 906
161 71
140 645
426 750
539 995
377 813
846 915
220 466
476 628
762 110
363 178
90 380
448 731
393 93
670 279
706 35
80 258
903 696
193 72
46 546
840 499
280 981
42 668
459 118
79 380
518 24
975 789
429 933
837 82
186 769
57 903
667 838
220 847
828 520
636 952
329 581
72 685
901 291
293 120
97 565
110 961
436 251
458 288
928 942
775 683
525 221
245 692
823 22
334 418
59 412
889 251
759 242
53 835
607 337
123 827
387 636
812 545
533 429
889 655
377 699
218 203
694 939
510 219
553 872
705 274
440 553
836 67
572 581
981 777
135 13
31 841
5 294
685 454
352 889
48 574
355 193
377 269
904 809
671 254
901 79
33 201
568 17
744 374
764 810
36 965
804 305
335 663
467 807
166 444
990 515
467 946
2 515
104 750
887 633
606 963
822 168
211 956
999 649
530 751
834 366
940 249
871 2
341 400
370 892
250 832
462 374
253 477
362 510
83 714
720 424
301 789
762 677
306 615
32 437
670 115
188 421
539 49
239 140
150 328
460 512
997 886
434 656
68 181
775 189
134 509
31 218
449 783
788 229
338 765
799 769
920 796
621 17
156 643
310 467
790 843
830 63
35 674
694 451
874 669
733 516
550 578
87 539
341 760
592 273
504 923
578 601
979 615
353 657
84 9
592 539
88 685
645 398
665 287
951 308
140 873
136 664
374 934
197 743
655 217
402 376
598 85
866 208
260 545
316 798
390 743
2 536
361 794
283 400
538 394
408 39
53 806
772 509
67 476
948 954
833 759
814 955
427 798
934 980
303 829
874 870
22 474
959 118
301 791
22 290
938 239
30 720
467 798
381 373
279 857
41 935
952 863
128 432
928 131
887 775
888 695
800 141
768 510
948 424
736 30
832 831
525 321
117 227
280 135
351 366
680 657
607 908
648 20
716 538
882 103
692 343
907 763
88 445
216 415
53 452
70 45
71 620
384 397
736 796
905 347
758 428
281 991
547 243
468 177
782 806
222 423
579 749
623 485
923 336
421 644
58 799
117 924
182 694
59 767
929 424
166 858
183 488
632 866
937 76
802 447
88 167
796 769
21 458
33 622
876 558
889 974
914 440
776 955
99 689
500 576
510 273
587 612
581 48
219 363
747 65
524 594
730 987
424 413
805 644
802 198
280 749
292 588
392 812
626 46
348 266
156 242
554 394
202 671
7 914
911 619
310 810
240 690
514 446
982 636
39 593
54 49
114 488
402 187
208 648
913 848
572 325
713 739
690 864
477 582
849 179
353 158
382 196
394 243
59 293
35 843
622 972
170 890
125 492
921 375
496 150
256 550
487 533
647 741
82 469
865 838
440 415
565 192
806 876
94 210
297 211
498 749
375 49
904 965
304 708
314 740
826 740
194 299
994 767
289 558
214 567
323 442
198 921
54 253
36 485
312 74
97 341
216 504
342 892
341 742
724 813
364 206
627 133
501 107
47 398
980 848
985 385
981 942
698 694
880 713
546 275
653 632
318 503
609 215
431 690
166 283
119 691
32 113
575 45
380 19
836 975
947 816
481 991
644 359
5 346
32 888
252 818
791 175
788 724
128 101
358 773
893 61
396 554
733 328
378 936
83 774
13 342
923 546
120 117
101 536
613 408
514 845
824 310
19 139
839 234
898 984
334 691
592 354
8 933
525 569
367 507
357 777
748 558
784 698
762 647
706 77
165 645
449 630
768 764
870 97
284 882
698 2
524 927
153 781
621 776
932 622
4 696
72 95
735 204
220 924
845 961
561 299
529 621
138 245
993 982
378 508
302 963
244 601
372 557
998 115
105 825
751 965
483 197
319 244
953 484
438 771
947 832
844 6
390 403
832 408
735 834
188 521
249 47
701 447
218 73
201 191
295 274
897 40
792 653
638 637
199 473
992 13
505 991
673 689
463 876
816 57
790 67
57 291
546 291
953 41
914 919
776 437
244 424
471 228
801 316
369 997
267 56
190 813
603 194
946 848
472 948
853 341
153 901
563 830
428 858
699 427
951 12
189 562
195 966
749 717
160 318
940 33
899 5
749 318
373 957
69 383
933 366
236 248
574 332
264 135
75 937
256 705
70 379
206 394
632 961
446 639
410 175
875 596
83 156
545 205
898 732
309 219
275 263
960 710
327 749
122 249
771 708
940 367
491 855
222 695
167 45
206 886
899 260
514 282
117 728
381 423
544 219
197 592
245 178
446 579
481 610
87 497
457 774
857 248
625 478
904 79
93 381
362 542
903 615
197 520
447 37
261 646
489 303
995 105
415 52
385 203
879 609
409 298
592 308
174 770
6 819
34 134
125 790
270 811
801 334
584 265
28 889
47 399
521 883
306 82
30 993
726 465
655 317
942 968
412 434
725 160
692 723
663 463
867 676
269 745
807 924
327 314
632 694
356 70
262 34
461 704
77 477
952 355
163 482
697 696
866 971
34 837
360 984
458 830
3 538
812 875
323 293
214 630
96 288
226 591
122 194
58 14
224 803
92 124
816 756
805 686
332 996
106 190
406 24
257 624
26 653
326 647
114 725
682 697
687 884
717 422
106 655
148 952
923 152
910 735
561 663
264 52
800 648
673 584
81 317
687 776
931 25
432 47
735 305
613 424
713 590
792 846
346 803
639 147
675 487
641 553
260 872
781 72
714 293
682 925
407 301
872 835
98 689
709 336
776 19
212 535
123 378
224 869
126 787
871 602
275 358
561 206
187 777
536 886
613 389
17 874
242 851
392 660
308 530
818 438
431 273
699 752
176 899
289 422
698 332
656 34
943 302
987 563
11 616
860 961
924 364
627 739
62 940
83 271
12 320
594 726
817 598
135 825
756 990
133 284
529 457
942 510
660 102
219 826
784 128
183 845
734 904
180 828
81 586
981 913
262 46
482 297
321 182
826 46
627 727
827 796
288 222
309 866
84 336
620 872
646 989
76 87
276 178
127 80
718 674
810 213
895 633
126 174
357 669
457 202
106 761
485 395
75 207
145 3
813 969
123 336
64 964
87 554
708 441
889 269
176 841
782 784
553 893
945 336
135 703
337 785
380 857
135 347
333 72
470 197
979 820
331 720
267 767
268 162
729 23
261 14
556 930
365 693
138 869
927 859
436 633
940 280
61 522
254 441
492 21
216 586
296 950
105 3
83 948
319 948
759 641
128 366
590 929
123 728
38 414
349 955
344 605
408 298
921 82
38 689
970 659
27 88
642 763
632 684
100 773
468 604
507 699
453 971
209 66
284 758
375 748
711 163
975 233
391 796
213 138
290 335
988 677
347 427
429 710
37 465
49 952
575 412
32 416
337 495
163 737
860 898
155 770
64 392
876 888
615 657
820 537
270 174
390 47
844 238
267 84
67 868
752 544
548 539
258 733
479 471
150 947
959 353
69 837
740 871
420 622
506 429
698 361
583 12
843 949
954 997
26 761
79 451
283 409
279 474
630 149
580 111
135 874
706 302
34 400
824 74
219 720
174 597
204 431
433 60
480 243
226 133
821 664
804 248
223 904
76 839
30 397
683 699
529 364
183 405
316 408
80 790
125 872
342 4
893 838
31 9
914 269
190 33
456 142
895 808
439 111
895 525
272 289
569 143
258 428
395 523
281 457
919 695
310 988
925 998
377 332
150 881
970 728
51 406
856 175
716 927
993 916
788 769
256 101
922 399
988 430
659 531
613 983
530 417
281 918
921 952
837 738
345 230
879 110
942 943
368 14
318 393
647 554
264 694
512 76
657 871
4 286
897 762
970 629
340 576
867 524
637 926
643 183
621 93
763 581
417 168
636 136
201 362
614 933
269 193
958 578
842 275
430 529
74 595
774 8
994 384
712 305
941 931
105 397
117 514
924 984
577 998
48 625
554 573
258 209
624 981
973 661
738 718
149 17
587 971
364 99
607 741
700 74
980 579
43 473
422 865
500 243
473 924
741 848
918 426
893 286
154 815
413 414
895 828
734 644
936 579
648 594
634 489
496 514
59 710
371 470
623 186
713 566
442 374
269 941
808 285
833 361
39 309
14 141
454 69
449 421
263 252
40 685
567 339
548 861
943 609
11 762
737 529
623 411
247 162
26 804
446 977
50 2
26 808
511 408
158 887
244 241
780 552
383 221
20 232
242 902
100 274
690 974
429 481
333 550
614 401
593 229
618 451
863 339
772 596
14 825
667 16
667 104
704 280
606 186
708 510
953 376
647 928
169 729
939 1
447 36
735 576
192 67
831 538
48 932
145 955
302 948
242 860
377 642
135 969
888 974
776 787
398 500
878 917
684 185
861 37
129 977
541 593
805 18
802 378
283 856
916 954
580 630
649 982
592 886
909 776
480 157
500 483
743 78
294 651
351 409
601 689
887 384
205 969
586 854
808 88
931 300
290 605
852 34
626 578
823 694
871 623
979 739
972 323
48 169
747 536
285 893
706 594
334 870
898 564
284 75
555 272
957 220
38 0
386 611
851 813
503 543
985 115
221 149
204 623
435 170
368 638
924 442
499 364
457 374
137 78
959 222
641 68
395 403
453 430
698 367
679 122
710 812
142 487
986 741
784 714
382 621
537 538
478 498
226 458
636 14
325 370
831 146
437 418
859 838
362 317
175 585
921 974
710 546
603 521
501 105
876 808
596 933
515 616
832 795
306 928
132 311
251 78
599 219
546 622
305 25
666 359
111 142
447 76
774 957
819 604
516 708
292 406
369 623
578 756
757 256
582 835
428 736
470 813
372 685
358 763
183 871
936 610
316 464
348 672
335 920
314 587
761 218
684 495
42 575
649 306
202 109
908 422
864 547
419 602
474 132
628 781
747 661
537 712
962 189
468 823
959 288
302 556
688 352
976 535
714 920
605 46
28 254
311 949
956 317
118 323
565 796
215 297
256 255
865 766
303 519
779 604
65 825
816 385
895 96
213 699
773 431
961 356
165 951
275 5
61 521
306 258
824 946
445 490
466 824
347 9
797 820
484 219
449 382
423 807
576 871
885 838
488 584
234 559
633 301
236 881
318 381
171 116
376 672
673 140
782 117
915 355
345 671
197 977
756 460
957 731
209 194
85 357
598 542
147 597
926 746
486 134
811 786
807 765
906 356
71 260
447 850
999 985
407 101
433 66
261 63
670 303
668 908
545 755
675 702
49 280
894 132
421 855
489 535
959 665
511 185
322 941
529 682
928 863
43 984
68 544
608 826
119 472
629 49
38 189
835 324
768 750
414 614
421 776
947 518
457 948
574 755
240 556
465 322
756 168
432 269
338 898
689 498
619 570
242 221
14 406
219 851
603 121
850 884
554 790
789 644
41 914
985 206
588 596
985 565
951 258
851 721
983 153
941 394
463 168
541 885
367 826
470 728
534 262
885 10
80 949
443 180
106 47
558 71
826 442
904 409
908 480
112 783
879 691
431 152
687 608
195 171
667 166
392 14
974 169
973 717
75 527
146 475
745 983
799 728
358 65
631 447
120 573
883 19
982 844
307 750
78 965
120 429
880 853
85 34
438 190
687 218
549 749
737 645
400 983
516 789
371 758
678 279
768 265
353 774
150 352
88 522
944 110
608 931
426 528
300 721
143 758
384 498
976 261
95 207
503 655
824 915
121 600
323 528
138 765
730 40
923 139
98 797
113 165
434 836
329 398
786 957
482 362
119 256
78 343
22 532
166 638
453 10
530 85
318 20
710 651
478 475
712 64
479 557
453 463
1 881
451 705
480 608
849 182
327 874
467 314
402 98
530 74
273 271
552 234
0 152
305 301
67 828
333 328
919 523
514 427
196 4
454 781
567 987
354 395
219 894
546 860
431 157
952 340
91 165
385 507
588 159
807 498
407 689
550 553
42 952
154 768
350 72
93 184
793 811
135 900
879 802
101 50
481 346
740 440
478 501
744 108
773 324
205 509
341 879
558 391
692 217
483 311
483 146
269 180
931 746
213 350
632 623
323 350
811 836
195 96
222 30
561 433
761 347
917 866
113 849
97 654
408 657
960 622
920 238
241 606
288 126
384 36
321 796
878 60
946 630
663 155
976 34
305 286
58 808
660 86
536 444
373 98
403 684
324 481
15 808
806 131
662 162
341 130
878 803
186 858
762 294
37 218
927 654
412 135
396 992
687 188
877 884
724 303
273 638
709 890
6 3
383 781
903 530
78 117
172 136
708 755
463 624
289 99
575 141
781 119
221 341
168 192
420 205
858 401
934 147
166 896
449 396
897 361
208 106
289 224
661 384
0 171
453 622
744 786
292 596
144 692
767 221
589 359
673 810
372 363
181 887
27 460
242 462
271 355
373 366
336 160
927 47
377 717
687 733
444 585
155 175
554 768
224 348
729 536
365 379
811 495
792 732
783 502
422 902
729 586
105 328
62 665
180 799
794 306
906 199
95 945
983 160
402 899
110 236
975 530
866 843
380 637
441 92
755 8
217 264
145 115
950 868
820 785
516 331
559 77
620 159
338 113
697 297
380 42
127 885
350 736
988 479
977 806
811 63
821 820
890 388
61 473
399 244
254 702
419 131
621 953
967 709
704 173
891 369
213 171
221 845
550 263
111 952
342 769
425 952
62 389
389 369
920 210
674 230
677 76
904 295
434 7
819 167
700 873
994 424
212 361
78 357
582 394
584 180
203 22
647 201
433 86
645 940
954 658
502 993
622 168
408 906
532 656
139 689
907 465
455 443
389 962
897 694
804 64
988 835
221 63
236 826
857 831
254 90
249 93
964 329
482 770
837 726
374 492
728 752
338 263
496 354
631 264
555 623
783 142
165 916
209 253
11 6
560 920
873 560
357 218
396 536
925 666
619 447
230 881
720 12
595 904
573 325
878 35
82 713
845 844
282 468
685 717
909 311
827 414
977 395
922 151
41 426
942 90
552 443
783 801
86 680
665 143
297 669
760 830
823 167
105 604
256 335
312 178
918 636
754 990
138 118
8 587
431 864
238 427
925 824
863 775
353 889
488 280
480 549
768 855
833 668
657 633
746 17
632 131
908 765
511 254
851 163
645 694
349 839
99 645
69 420
151 423
55 312
21 793
979 30
289 91
831 815
658 752
12 926
104 430
211 823
366 358
936 35
626 401
564 651
410 796
665 663
449 74
703 674
350 557
572 283
157 449
223 658
271 93
973 308
901 615
989 838
162 498
134 930
654 638
840 545
198 621
999 69
889 357
236 17
390 871
207 360
601 483
391 87
300 766
905 240
162 769
607 588
615 895
167 476
99 163
69 555
709 579
707 203
860 981
652 987
81 564
608 571
296 599
473 68
126 422
613 878
332 570
564 238
913 96
849 92
838 498
558 471
722 298
920 629
174 964
169 923
611 359
852 206
31 127
971 635
719 58
532 833
302 164
226 713
372 466
528 255
866 8
400 632
201 119
561 639
458 799
328 726
832 580
605 141
601 488
502 650
380 653
82 646
749 597
979 32
196 144
38 360
747 961
431 378
390 646
901 44
132 10
372 126
116 832
562 485
451 678
425 108
298 548
595 992
740 543
132 559
109 79
425 196
366 833
254 281
588 985
733 433
682 104
579 600
107 70
940 802
289 133
607 333
347 65
308 341
480 351
113 858
867 473
868 847
935 844
283 969
729 982
287 266
397 575
743 393
25 355
777 736
518 513
355 250
548 579
128 399
733 986
830 405
218 477
547 260
121 846
896 142
984 801
942 194
699 586
21 12
754 106
524 154
534 565
802 293
578 3
211 10
270 442
150 612
982 820
843 8
729 978
26 477
765 261
726 222
520 116
705 597
946 463
953 397
878 727
848 364
823 960
905 83
55 548
838 60
763 645
287 303
850 790
453 665
52 750
92 329
448 91
166 408
445 911
965 749
970 873
265 810
793 843
575 374
453 699
850 984
709 849
91 556
569 716
468 750
41 849
243 752
693 257
386 537
23 413
995 309
997 569
488 635
530 618
536 951
228 573
14 84
32 54
780 437
377 378
717 8
840 457
615 207
286 403
999 797
308 814
327 330
963 337
442 627
32 576
888 217
751 421
733 68
336 199
452 931
311 994
458 899
189 931
37 642
509 733
818 902
209 637
653 175
721 502
755 230
261 762
516 209
763 103
653 332
706 753
97 965
631 41
671 83
396 962
615 820
678 115
631 874
176 854
410 874
755 757
727 521
463 11
799 154
451 998
880 728
896 447
183 37
36 11
274 509
482 874
787 730
630 305
825 508
726 462
729 292
876 112
969 742
889 64
325 9
283 949
991 494
760 807
314 836
62 99
537 664
741 231
968 875
293 64
391 672
982 836
449 116
687 483
62 884
75 906
137 39
937 573
755 161
626 129
878 824
358 923
758 103
871 824
489 581
47 82
984 153
998 428
877 156
571 763
164 51
955 817
943 296
240 974
913 884
864 725
492 667
447 312
229 532
447 65
125 787
523 767
587 588
699 185
381 326
858 874
838 826
347 241
457 583
394 363
363 388
391 79
719 145
61 518
323 882
952 638
839 456
357 793
158 398
291 726
684 485
127 260
288 60
55 814
364 632
692 976
623 748
770 861
731 69
651 802
834 869
399 426
507 778
32 278
611 961
994 768
935 124
320 725
94 302
433 422
803 879
874 993
663 353
197 905
77 757
310 166
639 178
966 761
511 651
57 41
167 468
843 115
890 25
199 514
443 395
55 395
171 480
335 483
865 806
292 439
809 555
235 992
719 404
907 857
84 584
12 510
127 448
577 819
32 934
145 70
421 159
900 570
775 943
769 784
719 599
172 332
978 493
131 738
996 160
482 244
552 733
477 625
901 348
947 91
253 817
466 76
783 271
901 206
100 815
242 30
407 801
567 188
381 629
821 658
379 121
453 439
263 887
183 438
479 889
506 848
174 940
150 418
549 334
436 44
278 46
711 696
307 271
580 563
429 880
785 883
970 37
756 536
640 658
960 957
780 189
262 124
712 532
435 393
759 704
0 414
83 826
441 6
180 508
567 250
395 626
360 579
4 683
988 765
274 296
3 35
860 919
410 477
685 564
749 227
314 925
806 509
844 920
955 137
997 476
462 887
15 225
286 428
232 637
322 593
330 147
702 456
182 650
494 755
241 631
423 313
463 320
757 237
804 919
79 580
794 719
743 27
508 541
365 627
360 342
451 418
595 489
772 615
279 537
853 634
344 234
213 637
44 925
425 363
304 849
768 580
47 992
621 690
669 491
123 947
250 467
619 443
347 197
872 293
706 121
996 885
629 824
91 998
452 951
437 115
724 740
930 548
401 756
245 503
640 102
411 432
298 480
717 447
588 84
784 533
115 926
222 354
981 69
989 205
371 635
822 857
723 379
640 209
218 918
643 408
263 594
280 623
90 344
557 124
339 712
63 387
871 331
528 316
612 973
552 608
334 653
903 257
627 98
176 334
184 243
98 176
639 3
536 835
736 512
144 284
980 727
777 516
496 93
77 974
6 804
478 283
752 968
517 463
886 645
205 375
127 839
118 234
323 750
622 305
519 332
233 820
234 715
329 355
684 136
10 413
719 62
284 889
709 137
315 999
689 840
275 505
650 14
836 11
961 341
301 740
115 399
189 112
210 66
997 732
7 399
298 150
522 16
894 846
114 988
390 444
703 616
926 495
693 971
240 639
83 966
83 697
841 678
832 429
608 108
131 607
402 787
276 925
57 471
554 108
929 4
558 431
450 894
844 355
357 531
174 683
971 51
924 212
821 773
8 207
542 263
926 684
437 865
385 832
591 487
865 414
361 393
104 243
163 857
283 745
399 849
902 42
425 590
288 255
793 668
846 764
619 960
107 849
568 220
277 640
757 90
867 877
473 25
938 383
29 517
71 58
675 262
79 702
833 239
714 448
31 800
581 779
843 299
679 11
670 888
580 558
400 205
941 631
502 566
424 287
148 412
475 730
380 484
951 753
28 262
484 236
219 681
866 452
141 726
276 761
857 31
378 420
882 173
68 629
198 655
356 757
996 380
488 588
90 718
206 752
453 827
371 508
242 449
236 88
249 325
86 546
449 152
16 873
414 70
782 650
119 588
169 705
316 685
33 62
605 26
620 985
86 492
489 627
311 207
549 179
207 93
55 129
928 835
79 346
237 340
832 193
240 616
951 223
65 433
867 382
777 802
884 408
549 725
401 198
253 399
681 848
155 721
51 121
193 734
577 259
532 692
703 686
445 361
74 544
854 364
219 154
794 20
706 15
468 265
272 282
49 373
93 843
810 703
199 37
242 76
700 447
14 858
223 45
530 322
358 346
256 561
292 732
771 499
74 620
602 797
697 833
632 254
43 752
751 168
327 738
981 833
275 202
855 897
987 785
531 407
335 696
634 92
451 738
713 788
729 251
968 812
825 120
971 868
288 604
31 907
158 365
199 761
593 681
324 830
223 40
379 244
665 471
208 499
764 990
888 809
257 31
84 291
771 899
929 557
392 507
613 362
609 184
212 473
940 575
8 124
991 822
265 850
750 992
618 85
91 879
935 388
465 334
564 214
685 796
352 912
485 442
475 64
327 83
662 393
983 568
746 123
611 23
937 630
497 687
825 27
752 731
7 151
619 145
256 717
98 53
762 919
659 326
225 81
862 541
301 930
102 590
457 87
474 381
14 22
468 142
22 220
273 904
61 747
143 23
802 204
429 348
779 725
491 660
238 751
971 530
372 830
927 313
407 781
322 779
557 398
355 199
741 220
443 314
677 221
952 116
702 782
506 398
624 293
834 629
743 877
275 350
687 282
200 470
19 98
693 780
264 395
42 270
425 718
154 613
636 592
26 478
113 737
548 981
283 819
563 728
551 489
649 725
905 265
541 993
806 488
664 687
485 552
358 929
286 416
1 485
233 415
831 192
625 967
465 124
291 215
195 390
219 292
752 936
976 758
607 891
959 141
46 610
978 338
937 476
846 551
618 402
370 964
691 414
635 23
231 891
44 95
158 855
163 957
111 802
415 64
664 513
429 355
424 44
970 349
918 40
547 925
755 737
576 304
618 216
167 337
743 429
188 851
213 73
262 702
362 739
53 267
613 717
928 478
256 314
971 919
648 742
661 669
825 18
23 648
127 50
177 969
647 277
718 456
740 249
480 138
373 208
855 445
331 11
362 689
609 241
112 820
332 108
312 666
970 240
516 904
310 848
948 619
745 448
871 378
22 393
356 861
79 264
678 262
608 32
358 444
229 448
933 300
135 504
744 31
586 331
757 855
173 212
179 992
738 453
711 134
720 619
139 604
643 185
457 300
325 383
85 672
526 574
48 987
231 139
577 308
333 326
285 904
608 414
848 316
731 980
860 508
982 624
46 563
951 459
864 927
95 802
16 488
408 419
904 973
540 208
487 810
705 621
101 402
313 567
275 518
998 811
345 767
811 569
265 821
485 627
616 12
272 261
733 440
174 795
258 238
746 9
488 510
747 891
407 688
244 82
18 130
504 368
41 579
203 544
712 231
355 701
101 952
293 165
975 941
644 625
9 393
85 604
726 659
62 669
143 398
356 475
328 420
540 109
392 76
353 315
15 212
652 844
562 669
50 652
321 794
127 834
178 308
680 340
959 302
710 903
890 327
246 759
600 201
70 470
843 221
98 85
418 185
524 445
772 512
474 584
865 508
722 425
193 682
248 453
173 129
672 636
243 177
894 408
24 612
802 905
86 452
746 842
989 833
192 332
918 997
491 548
50 718
377 763
777 494
513 547
598 859
278 577
543 558
816 452
475 594
573 792
508 691
589 862
68 873
251 28
332 79
231 236
560 212
576 452
670 278
511 866
397 541
919 546
242 531
856 133
261 742
146 159
234 104
583 718
836 188
49 562
252 868
43 805
135 83
668 64
893 164
381 503
806 693
228 346
511 940
385 641
242 501
990 572
603 109
635 684
7 286
167 905
840 47
451 713
915 646
936 114
674 853
161 156
12 175
275 574
898 797
792 707
726 90
987 657
284 783
894 710
762 771
504 263
764 907
386 70
472 250
72 351
144 485
173 959
365 422
398 962
576 58
489 791
685 417
423 378
137 226
996 319
42 785
232 454
629 446
261 471
777 738
113 770
291 24
198 779
436 726
748 785
821 799
504 562
141 597
468 962
73 187
411 738
14 898
184 272
748 451
349 296
624 474
407 420
5 92
246 976
196 968
424 830
540 823
202 796
452 67
552 710
380 705
246 32
668 156
311 597
724 231
2 61
443 975
966 950
900 211
378 465
502 321
788 366
784 379
227 921
295 316
208 580
524 972
194 216
934 18
582 325
52 476
879 659
509 390
813 480
899 373
570 277
294 542
839 999
53 375
165 576
592 162
183 711
401 314
469 506
648 491
484 687
53 259
897 810
233 118
972 541
13 754
153 298
868 361
185 790
621 892
471 915
968 530
695 301
553 885
681 62
130 501
507 665
947 707
540 951
805 236
677 649
237 816
146 602
140 110
742 528
618 262
237 784
898 490
562 819
673 818
561 600
528 459
551 967
554 123
13 240
999 107
156 422
726 793
386 59
129 153
202 656
666 8
298 737
924 605
366 292
556 444
130 420
406 776
236 830
412 885
656 23
681 447
877 368
180 810
924 991
160 39
465 883
800 319
786 875
920 31
69 36
254 65
983 390
712 619
86 233
663 373
991 761
696 356
532 395
324 247
493 523
701 354
31 764
297 343
75 947
339 301
949 936
988 562
556 113
57 549
177 21
918 737
617 410
992 375
885 492
240 475
81 443
20 576
177 511
511 875
230 587
737 913
872 155
713 934
470 179
854 859
525 723
384 927
229 594
828 751
798 290
442 579
832 564
737 593
504 336
513 720
917 969
940 50
505 327
201 238
763 922
867 462
361 487
960 122
154 315
653 206
930 474
599 106
916 781
792 25
976 94
941 183
956 512
953 402
480 576
220 684
737 587
237 875
278 991
349 661
644 560
350 709
98 515
519 416
769 483
398 497
819 313
76 921
547 666
840 747
644 303
257 256
669 433
766 156
384 780
478 934
136 672
775 642
712 749
852 61
81 906
792 588
540 722
935 66
549 316
308 116
304 694
229 634
669 29
523 12
759 892
941 406
979 310
364 642
756 129
592 657
491 242
186 413
723 470
843 22
907 812
121 703
44 333
378 44
546 133
633 643
200 457
758 812
468 588
354 717
449 576
80 135
811 822
918 935
662 434
323 873
831 606
827 744
372 88
749 955
319 763
493 908
725 767
142 490
877 830
759 353
773 957
926 995
686 434
683 365
639 648
259 112
191 845
405 747
172 724
512 330
368 571
907 181
843 491
799 255
748 175
79 456
657 684
408 994
263 284
259 533
579 982
446 693
835 611
903 899
345 269
714 299
142 904
702 936
798 940
677 933
389 327
180 993
352 87
402 617
734 735
611 481
273 924
570 62
2 251
858 313
752 653
587 506
418 730
576 71
778 449
302 426
513 288
628 542
220 77
429 982
939 919
234 458
266 68
269 327
249 503
377 161
270 213
181 599
418 573
463 388
129 474
933 653
571 822
422 548
256 780
952 800
672 762
818 927
871 601
329 481
448 419
345 338
865 0
505 307
316 885
529 909
117 738
95 388
127 325
124 508
2 416
662 235
615 484
582 411
20 577
378 338
666 675
613 455
283 642
122 642
978 286
584 161
883 733
903 267
745 331
641 555
534 13
211 531
973 226
594 418
475 694
563 868
140 332
419 364
874 983
285 64
240 141
802 969
965 545
850 718
645 907
968 324
705 486
109 262
179 281
186 172
161 300
442 984
942 22
17 50
117 681
172 653
201 979
929 504
755 657
94 561
607 244
165 800
901 698
821 190
275 307
100 361
215 398
960 885
681 832
493 520
583 689
864 193
747 555
715 622
607 631
321 914
113 566
705 831
209 488
583 805
39 605
341 735
961 582
346 374
50 167
57 20
639 395
2 535
315 916
853 553
266 606
306 408
962 838
478 334
637 548
544 783
915 162
442 802
285 824
459 111
556 550
785 804
872 541
268 147
156 146
765 899
183 432
93 569
846 953
314 306
460 424
732 168
483 950
286 936
788 272
744 28
611 313
329 793
86 793
866 263
108 730
862 128
226 482
981 351
816 282
744 407
971 450
7 13
539 750
757 163
717 170
509 433
987 493
998 762
910 597
770 560
830 71
196 837
944 448
974 261
164 352
357 796
636 360
248 830
860 887
433 393
766 371
80 973
283 177
292 603
966 659
790 597
860 542
941 974
808 631
763 783
427 666
215 803
208 847
764 752
486 106
159 931
142 652
45 574
140 67
595 584
899 875
631 921
113 543
420 72
834 344
643 908
800 529
276 627
871 645
156 42
247 533
857 442
595 626
112 795
382 75
359 96
909 100
991 566
543 19
689 274
297 96
130 327
471 672
121 328
205 206
573 920
11 191
971 539
191 376
748 153
340 774
718 327
104 42
993 881
83 127
130 696
3 41
100 36
68 444
641 222
477 870
113 413
615 122
890 75
510 122
837 115
402 464
233 769
991 777
841 869
111 991
216 454
786 961
277 335
612 977
713 561
181 809
357 261
110 571
625 36
542 68
895 981
596 341
582 706
135 70
739 23
362 806
857 895
667 651
985 813
298 226
861 293
895 948
542 365
892 830
797 931
9 731
39 124
511 40
121 117
276 763
75 850
77 361
553 233
754 779
564 66
898 60
256 797
192 402
982 376
477 654
74 764
901 657
951 355
614 253
237 232
234 126
61 218
510 739
499 918
498 973
570 105
513 331
398 943
107 6
555 779
694 296
803 35
668 460
364 710
445 778
887 309
404 914
693 44
559 202
36 364
297 21
231 798
122 178
260 173
766 70
535 112
170 511
676 220
274 815
706 418
728 873
323 778
152 907
871 147
735 247
392 757
849 952
336 293
785 726
998 269
107 45
272 334
757 424
66 90
29 254
685 930
947 489
848 405
543 692
623 969
713 278
863 224
783 939
162 418
111 841
175 944
977 783
788 71
449 163
559 389
153 139
212 479
70 327
753 28
953 145
445 474
990 891
54 507
513 76
922 635
652 630
510 561
757 63
506 152
148 873
109 817
667 840
661 846
134 752
838 53
153 641
228 135
425 704
660 452
746 211
4 893
120 112
451 446
714 346
499 110
520 698
499 156
509 902
785 344
383 880
805 51
139 686
952 835
942 961
835 871
655 404
292 844
872 907
491 730
219 645
604 70
456 888
349 884
412 88
590 632
174 499
800 841
492 628
262 579
442 434
864 856
938 108
495 803
567 219
539 352
667 692
399 155
737 208
854 427
261 602
39 547
663 381
220 157
990 935
609 155
241 742
367 892
944 214
152 263
778 356
636 150
416 545
290 962
830 638
291 223
562 161
729 701
29 826
509 898
270 412
261 639
966 59
500 669
638 318
187 803
524 225
189 632
133 51
361 711
412 614
72 276
424 952
366 633
948 797
558 709
736 287
686 882
229 699
618 545
294 841
124 468
434 448
345 616
742 187
574 661
926 108
417 84
300 28
180 452
137 292
941 960
937 235
857 432
52 972
174 347
30 66
384 710
831 611
531 324
966 455
511 41
457 428
338 668
712 216
671 897
736 113
500 577
547 628
281 215
876 968
188 119
480 870
114 36
984 736
152 270
395 507
279 55
161 210
238 665
34 928
161 374
636 306
312 227
340 718
842 329
875 980
784 977
314 240
694 524
41 473
492 852
568 922
667 755
489 538
122 574
964 393
472 813
186 753
524 41
886 990
777 331
253 548
117 141
358 77
16 199
237 627
370 905
993 64
469 120
381 143
66 503
284 414
911 802
485 603
102 186
6 856
273 152
429 668
506 24
901 420
568 114
600 489
594 193
579 874
898 143
354 160
493 612
331 602
114 636
152 247
305 759
870 685
336 464
310 388
233 749
288 821
143 722
472 353
975 658
969 103
580 908
877 301
130 262
982 721
452 512
863 701
689 439
764 118
777 244
753 215
782 441
454 839
110 479
471 27
172 639
193 249
782 955
144 482
985 544
830 27
80 371
207 921
388 437
504 230
365 20
165 452
191 863
353 469
152 413
664 493
573 971
609 676
92 192
255 492
925 871
623 883
417 609
475 69
653 164
829 978
464 835
872 599
511 867
103 412
969 976
489 177
326 874
180 742
836 15
486 509
377 30
235 246
148 949
473 599
551 976
423 22
709 487
68 757
409 522
883 864
863 100
100 229
155 409
574 649
839 820
785 707
619 170
536 303
181 453
131 874
800 294
587 261
240 994
126 632
603 400
218 228
707 324
822 420
777 835
796 465
755 419
395 225
582 670
297 76
503 708
190 634
626 185
635 372
102 298
953 710
496 663
383 533
204 558
811 675
370 460
233 348
588 56
113 699
598 486
851 94
350 773
358 516
843 238
278 55
762 577
347 361
188 837
950 767
235 556
871 172
243 225
169 852
661 551
839 294
183 863
328 564
439 845
830 538
134 64
141 985
745 740
566 895
699 325
263 683
965 189
608 829
601 397
427 172
873 44
236 220
646 80
214 672
531 298
847 628
150 775
87 127
975 475
433 581
937 391
514 808
606 413
516 60
25 690
466 171
43 522
537 591
46 507
226 444
459 524
255 790
610 345
418 270
729 648
992 36
514 203
975 908
238 277
908 631
568 886
151 596
451 268
803 992
780 781
922 831
555 310
190 877
91 502
337 142
169 284
350 710
385 361
88 407
955 820
864 829
189 761
124 103
978 212
75 588
352 144
653 558
943 983
47 872
340 648
399 157
455 761
218 678
278 737
352 36
640 593
374 112
638 158
889 531
703 42
264 636
950 560
197 75
639 955
174 161
735 457
200 710
696 161
235 775
707 222
904 66
840 287
494 591
561 437
68 381
446 936
809 525
833 38
184 367
705 569
56 48
660 772
903 413
820 898
638 750
173 947
167 914
549 755
443 978
153 697
56 253
121 89
607 880
802 742
108 983
938 504
311 93
608 981
768 124
152 696
383 609
166 683
657 903
43 761
559 294
715 181
304 815
943 576
670 136
229 123
334 895
189 618
265 332
23 345
264 95
320 238
164 67
980 250
499 582
765 85
935 758
409 277
344 241
337 259
354 608
182 66
777 266
79 829
728 33
621 475
2 19
503 705
672 232
777 373
776 418
503 875
30 717
720 526
597 253
302 140
558 495
945 22
857 613
139 627
521 113
382 280
578 892
122 406
246 260
299 968
596 944
886 951
146 833
844 875
993 496
248 609
871 350
674 732
947 971
654 689
224 310
854 867
604 334
876 199
267 699
292 445
972 876
502 884
965 118
361 825
578 789
619 324
257 634
341 111
913 361
443 3
745 190
946 376
165 484
873 185
650 401
58 523
595 202
154 160
308 582
548 691
628 241
876 42
984 920
462 3
865 315
935 157
176 308
564 676
56 947
279 888
905 67
944 211
133 245
207 517
491 854
503 182
761 952
670 31
151 402
42 709
935 109
182 555
408 260
393 139
337 254
935 888
698 708
545 259
183 177
544 376
6 291
791 613
447 277
206 15
755 302
555 896
613 298
515 145
94 434
38 295
541 786
160 653
818 152
99 422
683 972
562 150
512 56
729 140
905 925
440 62
430 49
241 607
258 130
310 459
837 630
22 859
507 987
461 467
633 353
231 856
352 281
686 105
535 352
940 132
815 223
242 793
567 315
526 935
856 84
563 649
939 476
27 269
119 453
799 961
126 335
23 42
751 118
598 156
115 741
23 136
301 848
539 634
385 847
873 449
211 338
565 356
653 355
686 177
875 862
448 213
285 829
226 865
662 879
787 325
378 589
174 131
748 185
588 43
348 699
408 687
216 17
229 658
314 762
588 618
303 631
578 814
879 462
446 774
264 885
576 518
973 32
100 38
959 89
349 134
34 624
671 474
233 699
21 589
710 427
357 838
904 510
312 769
519 64
741 6
579 723
633 369
218 595
457 197
377 817
480 221
386 393
195 113
683 170
290 313
423 225
934 570
757 961
672 917
650 720
646 529
872 637
137 688
983 1
204 934
311 420
92 758
266 378
377 571
989 562
604 160
33 987
304 54
776 699
197 824
403 334
503 867
977 423
13 47
217 838
350 196
952 262
6 899
662 938
805 675
803 827
409 629
743 296
498 500
519 187
3 732
156 796
121 366
621 701
611 901
804 576
553 200
14 200
897 588
548 283
133 85
823 993
489 242
353 645
400 402
862 476
614 366
312 406
215 45
130 848
550 758
588 548
419 757
910 238
92 949
320 259
596 14
389 80
320 604
960 716
374 636
367 340
721 339
340 625
487 676
539 639
163 230
421 596
238 552
410 83
393 370
86 61
869 321
426 452
155 222
379 251
416 805
312 108
0 677
909 487
92 208
236 300
942 496
507 550
744 84
648 308
540 518
913 53
454 659
81 720
310 694
725 917
890 65
892 490
832 257
812 510
633 20
354 356
121 306
345 53
59 317
212 101
890 287
6 408
842 527
438 392
852 263
521 622
984 748
887 946
413 891
152 105
908 413
735 787
691 911
860 61
989 840
32 489
694 543
465 912
181 841
902 994
794 4
660 994
694 412
230 336
290 431
75 4
872 942
66 260
54 2
184 754
745 729
242 805
661 164
454 67
242 62
763 928
275 443
818 837
641 610
732 479
644 713
234 547
81 155
516 204
62 417
273 816
10 346
301 565
283 928
305 67
831 481
795 334
604 142
318 627
355 172
237 100
710 924
753 514
691 177
611 782
296 654
530 76
94 129
333 756
275 48
253 598
31 719
730 578
936 914
326 577
697 845
950 515
693 574
556 46
409 987
202 655
472 54
209 865
584 602
311 967
81 392
183 567
62 435
2 966
460 60
20 274
687 370
522 759
892 65
967 529
305 310
13 219
745 141
520 34
220 152
38 738
10 100
3 482
441 214
331 38
98 54
445 925
264 579
205 337
438 621
648 813
440 143
228 805
270 559
574 512
618 360
13 532
753 950
866 551
946 61
181 636
772 125
147 769
773 262
971 697
828 749
520 947
320 640
544 157
49 340
404 182
76 56
216 599
989 581
578 397
77 5
255 391
818 644
673 822
653 784
109 77
895 425
240 62
397 724
914 111
963 970
267 215
253 280
329 97
824 442
628 36
399 113
401 135
138 57
527 83
470 633
51 669
173 565
877 527
692 141
855 93
919 505
200 475
68 917
814 674
756 383
660 207
309 368
363 832
418 773
69 724
748 818
412 646
913 386
225 92
67 949
233 962
148 502
522 39
93 551
147 777
110 171
465 794
943 280
86 302
597 744
235 135
673 530
791 647
522 698
496 249
635 601
285 637
295 242
910 846
936 795
515 282
206 692
642 925
621 423
468 666
608 395
46 816
722 7
86 788
683 984
475 249
695 623
399 288
394 82
985 53
568 157
722 457
41 13
818 662
697 113
275 154
502 493
218 730
483 28
790 538
673 313
921 167
428 386
899 970
404 82
62 953
914 850
189 347
666 939
637 631
953 618
181 17
563 504
298 299
991 85
187 660
143 41
84 72
327 518
45 964
638 454
690 268
818 300
118 843
806 145
184 141
791 486
424 356
644 761
171 942
27 350
537 991
177 939
672 896
97 672
841 716
182 65
945 155
716 729
282 149
880 877
751 796
487 978
447 22
100 475
600 334
971 659
85 926
107 404
234 187
993 66
924 341
327 192
605 418
947 300
877 222
348 944
293 256
815 352
501 780
839 732
734 625
323 705
753 390
546 624
309 862
849 690
848 12
333 734
629 173
828 449
108 601
14 401
863 965
953 910
304 841
490 629
112 249
543 131
834 922
641 290
726 18
607 571
290 628
349 680
259 743
419 324
81 331
746 218
912 151
610 479
235 305
103 925
691 115
738 244
733 542
732 863
721 278
429 1
466 978
195 6
292 754
673 159
933 120
757 554
822 359
297 385
796 358
498 923
82 634
980 87
935 787
17 829
415 944
400 527
882 485
291 29
577 417
650 54
137 242
217 122
328 772
981 773
418 725
425 993
196 560
647 793
210 179
915 396
45 645
323 244
908 135
515 219
555 54
438 185
177 634
126 461
203 199
364 333
662 157
587 251
914 14
399 974
226 843
315 410
647 179
896 469
636 178
129 647
125 233
915 341
200 264
683 482
998 141
951 939
963 911
902 925
512 612
283 238
314 867
548 292
908 782
338 854
783 616
337 141
553 383
471 334
75 558
74 223
557 658
217 219
452 231
428 68
204 942
712 716
240 629
370 64
806 203
461 666
984 862
591 505
637 219
325 679
878 953
303 143
956 731
231 480
262 296
722 723
832 977
409 429
656 414
57 273
746 397
390 445
364 456
375 167
91 810
482 893
196 326
928 598
615 731
835 295
869 96
516 157
778 984
850 844
549 930
709 347
381 136
368 373
630 962
812 884
609 727
649 427
881 511
607 240
122 503
299 988
748 961
230 81
325 384
695 583
996 349
249 786
833 81
887 524
579 832
795 194
49 478
46 998
202 329
265 41
353 2
971 50
887 761
115 632
428 204
557 128
280 171
162 539
60 196
143 414
774 558
48 359
889 324
533 498
35 864
954 597
488 416
933 518
387 346
993 231
245 480
111 387
614 328
924 328
960 275
701 561
988 752
950 750
44 540
867 482
31 192
974 113
195 846
895 980
196 713
82 331
171 609
545 741
42 576
634 703
403 172
540 31
520 201
707 243
470 546
443 819
547 604
457 960
598 296
204 23
469 362
146 430
289 994
760 458
719 535
234 259
520 187
368 476
167 335
569 251
322 947
113 801
546 394
686 158
5 392
504 948
603 369
15 350
869 0
791 542
545 144
974 952
154 43
318 934
69 364
701 696
894 323
25 711
600 428
588 660
984 639
465 770
595 62
786 86
98 300
821 993
419 458
103 440
200 975
429 598
915 448
573 396
648 210
771 288
249 431
471 224
335 515
484 433
268 74
828 304
261 881
734 892
460 621
522 543
37 515
187 615
118 989
115 253
873 526
212 192
758 130
898 415
825 997
991 170
179 191
38 387
357 992
209 87
751 782
702 635
366 384
676 372
508 85
700 407
545 166
258 138
279 549
682 405
787 233
719 464
863 7
886 491
389 646
658 4
558 359
665 416
369 783
580 409
231 851
483 560
66 735
703 880
494 539
729 151
344 450
495 849
107 488
175 66
233 567
500 640
686 318
246 115
769 223
414 858
108 707
806 35
434 565
255 71
624 552
388 8
372 981
668 7
90 685
133 966
214 143
940 247
171 774
393 351
602 450
238 683
454 498
80 197
460 507
263 891
481 872
632 12
755 742
745 952
241 73
428 99
78 873
749 725
337 835
158 297
8 629
610 16
555 434
901 486
898 240
628 471
999 72
58 144
283 94
244 795
584 836
847 473
475 654
627 49
585 52
296 692
533 801
473 268
295 970
901 74
46 145
142 583
252 464
638 446
62 156
805 861
821 829
252 158
502 565
829 669
85 282
287 645
281 706
904 585
600 146
852 244
715 571
18 958
909 196
989 97
15 67
274 839
969 408
406 417
203 708
82 382
267 961
631 604
476 907
706 540
479 103
141 168
713 904
860 524
779 103
490 169
684 468
353 426
855 363
245 590
479 5
215 602
326 882
432 450
885 112
323 524
294 35
269 666
101 369
864 498
981 129
467 923
103 743
917 350
244 598
736 719
44 603
787 494
872 625
152 774
889 495
148 282
219 298
420 503
444 920
581 98
351 202
44 750
173 957
716 474
963 726
445 525
494 983
674 407
675 459
659 317
747 193
459 384
808 531
66 896
422 727
404 0
250 550
484 762
560 392
446 151
41 508
954 528
462 143
236 850
357 778
216 581
469 995
482 489
108 563
524 126
584 207
650 615
625 461
671 169
845 453
186 126
214 553
290 128
966 875
502 788
538 98
914 125
405 807
316 746
859 258
53 925
566 901
771 761
333 633
690 687
96 845
458 333
265 128
548 740
36 879
455 452
991 231
127 542
972 689
333 733
171 805
665 74
76 860
491 955
75 878
658 232
404 220
876 554
958 540
868 415
660 719
225 526
38 672
323 579
854 683
912 392
127 495
829 537
576 538
117 927
914 711
54 958
306 680
825 593
676 862
827 590
913 974
188 886
512 386
417 273
778 958
554 444
331 30
59 560
973 721
608 40
430 569
986 319
209 570
446 115
330 485
685 538
275 233
214 855
332 28
511 689
87 779
386 745
265 92
212 302
981 724
641 214
610 690
387 179
45 687
346 367
65 712
805 534
938 329
246 935
906 488
900 942
19 43
266 817
179 727
957 509
733 399
18 220
435 981
478 61
97 432
695 969
526 746
279 893
84 476
546 169
78 984
29 595
529 963
974 305
419 605
434 746
584 478
593 767
884 319
422 107
371 514
874 227
307 199
105 684
411 533
228 817
541 409
125 46
310 53
42 948
351 456
808 880
412 14
896 786
522 748
895 871
253 370
176 116
894 557
324 640
924 128
186 388
570 278
929 345
150 871
17 166
418 733
283 849
341 841
895 111
966 879
196 603
83 461
275 926
646 947
651 873
854 589
953 324
292 890
501 196
145 620
337 807
21 980
738 173
66 553
153 701
223 949
219 785
345 492
988 807
171 10
771 532
766 784
695 831
347 483
263 784
581 369
206 363
109 248
277 805
61 253
827 746
141 814
784 88
900 613
279 203
886 977
441 174
172 610
447 203
362 137
959 991
673 122
495 933
149 751
864 325
872 66
130 97
181 438
373 52
969 571
87 159
388 828
970 977
822 502
661 163
996 784
482 485
481 378
184 88
17 643
695 473
593 51
416 927
418 105
207 297
405 450
905 231
960 863
743 731
87 385
637 355
709 428
636 239
65 605
91 657
406 513
925 390
491 476
571 807
777 563
666 188
723 774
247 974
471 470
511 391
74 622
180 521
275 913
841 623
957 368
222 716
256 822
71 294
505 914
447 854
574 344
194 752
822 477
863 889
501 940
797 74
445 311
215 666
932 771
345 894
236 20
978 836
201 135
97 56
926 16
716 675
802 888
444 456
445 620
413 143
44 581
27 712
212 385
871 229
643 926
610 372
265 238
593 392
910 140
662 355
454 609
87 90
167 18
831 597
419 129
121 640
151 212
293 21
95 701
712 652
754 965
858 214
64 206
204 985
948 86
722 700
308 511
269 18
909 895
335 512
236 784
567 572
479 827
845 13
402 917
568 441
246 686
154 199
252 673
285 402
871 885
438 576
328 946
961 635
500 618
787 278
260 559
318 400
743 261
165 546
510 586
106 689
413 542
248 671
958 275
666 709
343 386
114 63
579 415
159 212
390 363
741 808
802 500
192 16
807 707
19 321
704 633
552 455
497 859
106 769
219 506
856 709
980 41
52 398
610 174
314 800
798 138
534 775
201 86
570 129
497 540
672 460
659 843
382 293
186 744
319 478
317 886
773 107
735 419
125 618
904 318
75 340
865 128
932 532
277 662
467 355
338 544
659 742
623 562
435 157
72 956
127 840
604 935
299 896
944 615
850 551
156 16
605 213
875 366
16 976
992 541
758 95
211 977
676 523
291 859
155 762
390 513
671 42
756 425
381 151
162 50
297 785
274 822
157 141
599 432
741 349
446 110
927 415
576 963
937 351
884 516
899 226
737 124
867 248
945 927
311 741
306 231
652 860
230 104
50 729
977 625
819 766
811 143
604 610
212 342
548 768
302 415
389 665
183 382
823 165
245 317
507 828
817 652
988 804
60 675
879 79
774 423
59 128
797 324
187 1
522 629
953 524
880 325
941 93
790 225
370 80
596 924
857 580
586 590
552 979
139 658
658 989
208 43
714 880
921 594
706 294
215 327
293 187
685 673
741 186
917 603
630 75
471 606
882 194
731 877
742 783
648 969
273 150
53 25
660 763
164 965
885 116
967 127
894 154
970 399
290 372
872 306
776 274
154 814
952 548
378 789
794 333
917 691
134 279
903 581
437 20
105 64
407 662
821 339
870 620
258 851
376 793
971 609
170 18
225 1
487 292
865 866
856 488
457 317
397 165
67 740
553 576
484 600
212 97
558 326
683 413
73 824
290 388
785 132
833 663
73 347
692 696
317 48
956 637
765 922
227 2
981 176
621 146
897 521
721 706
990 453
47 26
244 227
724 168
704 351
833 971
693 279
74 18
642 651
74 127
599 711
835 715
257 295
51 430
733 510
922 587
993 778
496 542
398 767
340 331
50 214
614 516
234 410
206 879
532 120
478 42
322 496
34 196
146 404
176 409
611 12
90 569
171 851
945 949
515 745
179 327
108 822
197 262
178 264
915 923
62 489
388 499
874 473
268 657
582 843
175 54
78 144
199 770
853 236
824 573
295 410
337 266
128 860
923 492
718 194
421 276
792 877
68 541
988 957
503 96
96 490
502 249
529 548
98 533
98 207
951 566
868 854
511 717
604 778
288 163
35 792
701 612
127 333
443 553
974 806
538 320
778 40
635 185
16 288
592 591
435 153
238 594
998 472
152 845
526 141
774 481
237 424
410 213
275 486
267 696
351 471
730 333
852 140
962 458
750 522
45 861
972 246
177 698
527 508
9 957
536 160
511 409
649 128
160 300
489 276
224 991
787 419
381 253
24 251
143 631
864 397
132 129
344 954
322 341
950 894
662 106
352 520
497 544
858 810
610 643
646 276
711 906
93 415
469 827
455 892
82 724
90 376
789 10
263 613
45 282
218 878
16 296
224 650
332 444
589 512
812 57
579 44
65 360
839 299
842 440
629 991
383 268
347 791
862 458
299 903
80 860
498 23
38 236
294 162
221 728
637 205
576 792
968 826
261 768
374 793
280 502
885 458
171 586
491 881
927 365
235 406
620 887
363 872
156 689
441 229
878 219
262 728
39 244
291 56
178 700
400 169
984 455
444 282
603 200
510 802
476 743
65 919
188 185
767 316
568 666
820 71
693 874
563 348
675 177
711 441
919 32
383 456
256 374
708 346
82 499
775 78
569 893
243 942
781 636
258 458
388 372
4 707
638 887
978 758
698 396
128 226
301 120
848 992
498 591
283 671
845 319
243 833
754 418
949 62
587 182
18 747
446 810
716 822
709 527
853 712
566 720
842 535
755 920
183 447
421 589
360 80
398 768
571 442
313 345
929 100
73 208
856 995
260 798
160 512
605 130
890 955
723 979
488 120
529 881
132 495
942 186
524 534
664 314
717 4
20 138
436 914
0 579
452 256
10 503
377 128
401 253
595 891
489 55
654 839
588 641
550 762
764 401
904 78
293 101
780 73
151 797
303 343
425 574
940 518
801 32
330 174
960 261
553 971
818 191
742 312
395 420
654 706
317 8
56 278
806 280
922 312
126 62
285 81
63 406
333 884
869 596
400 941
481 646
9 126
572 312
681 846
673 770
510 837
350 73
991 918
916 813
487 121
820 915
474 524
339 302
79 209
931 286
733 17
179 465
204 721
922 425
722 879
738 714
502 820
317 939
269 187
595 802
622 209
802 58
760 835
511 756
899 71
768 935
916 200
604 469
522 65
634 84
821 781
70 13
454 569
474 996
41 295
489 781
544 336
982 863
609 364
620 472
424 57
279 701
471 102
119 420
817 843
636 848
334 431
221 288
984 381
979 717
597 997
42 445
509 82
224 73
219 765
502 599
425 805
908 301
700 504
216 747
422 459
574 403
434 314
940 584
498 509
316 800
356 656
229 720
243 789
603 370
122 927
730 101
955 557
650 10
702 602
620 886
397 437
275 905
156 98
366 425
542 964
842 67
962 429
44 24
372 979
187 448
968 977
300 470
362 207
95 976
465 447
263 545
561 806
367 900
832 522
24 63
128 958
287 370
691 711
875 882
437 314
556 207
67 853
327 30
846 164
569 92
260 600
584 248
622 162
778 31
325 934
750 319
560 32
500 203
839 795
274 686
130 146
198 808
520 473
854 567
507 65
571 556
8 94
708 777
964 87
695 45
114 906
658 300
202 97
904 653
555 293
543 97
17 293
885 733
490 747
235 524
530 155
538 925
446 985
298 692
261 190
970 103
963 975
657 487
543 642
387 49
892 597
39 520
797 309
541 217
306 711
533 387
919 175
138 673
499 579
614 429
669 931
471 762
859 328
935 814
765 470
809 306
262 231
447 240
642 309
473 504
715 907
520 863
966 225
416 884
162 314
108 568
761 579
115 770
758 339
928 836
710 945
823 293
364 535
875 931
557 49
357 757
722 386
383 11
435 315
471 827
880 336
247 729
19 106
513 234
417 570
55 941
896 376
160 349
242 601
535 175
120 462
926 173
298 63
512 421
370 923
939 290
272 722
212 165
248 418
397 663
88 642
305 181
925 183
816 256
198 696
502 351
296 384
526 636
56 967
293 329
703 293
153 925
95 445
175 406
220 33
475 516
846 128
930 736
155 617
700 991
841 226
678 264
985 817
151 470
851 761
654 204
675 479
848 83
340 90
363 675
656 870
248 358
934 2
469 450
343 777
473 305
361 612
807 135
505 453
276 120
629 738
763 28
55 261
24 937
974 356
858 370
519 185
337 841
953 312
486 438
613 776
250 43
844 80
407 422
450 64
475 641
209 961
362 10
193 730
651 10
202 960
715 365
396 1
910 717
590 925
644 642
955 729
615 730
562 625
619 865
588 849
863 645
433 273
440 777
555 675
420 676
436 314
507 285
940 625
722 62
906 709
170 522
459 79
581 331
561 786
880 460
99 29
172 512
714 838
591 134
675 220
871 154
216 999
951 296
817 750
434 159
177 276
243 888
171 959
919 698
571 31
555 188
793 360
791 278
56 36
716 676
716 896
753 95
746 89
913 58
490 171
537 510
47 974
93 339
95 389
146 915
349 644
726 668
172 445
220 987
678 959
691 391
915 180
846 969
133 310
95 766
704 325
332 990
191 983
459 132
857 149
234 834
683 941
983 177
55 889
190 162
586 500
249 84
34 868
145 434
974 705
779 480
185 632
406 266
134 804
233 313
783 626
649 331
656 863
720 902
134 648
497 929
494 221
424 190
864 972
679 0
641 190
146 533
928 951
812 720
984 959
931 278
84 112
70 754
178 468
903 207
878 741
443 770
367 824
621 602
798 511
275 357
322 809
473 984
505 256
282 802
801 390
637 709
349 597
291 499
171 938
470 377
169 53
629 418
832 152
781 587
745 417
666 366
60 630
835 637
808 412
715 661
405 172
835 949
796 539
348 369
328 644
427 183
950 28
430 845
727 329
978 941
598 688
135 127
789 698
291 273
266 722
891 501
999 997
841 207
943 551
486 714
580 966
408 822
70 733
455 679
478 255
18 845
80 54
503 868
175 215
391 496
794 380
991 206
292 854
51 217
330 116
389 160
21 476
283 617
79 357
751 612
194 527
159 174
868 87
351 195
985 220
460 639
915 164
544 225
677 375
543 695
852 552
5 923
47 724
460 959
879 456
239 195
599 37
324 289
534 409
160 985
887 595
53 190
706 779
887 508
187 132
68 740
535 358
649 637
175 268
337 473
438 727
48 881
157 725
622 958
757 778
344 501
260 969
544 302
256 999
740 818
457 420
340 927
45 688
497 828
451 604
222 821
307 612
404 651
70 826
79 871
129 859
780 473
569 883
986 291
796 774
459 620
435 930
212 693
148 47
408 49
4 231
59 773
194 664
722 681
118 163
720 555
168 248
714 415
45 128
340 61
99 103
365 727
486 100
45 516
220 910
608 502
155 804
946 21
50 777
553 14
452 651
267 651
585 86
68 176
910 266
313 679
637 374
243 545
968 47
483 394
175 89
180 896
649 544
903 335
759 483
647 75
123 854
124 356
903 115
517 431
491 533
206 959
438 864
114 543
957 432
929 410
954 500
898 241
52 590
485 761
900 347
87 910
935 922
776 480
847 434
73 417
557 428
534 183
177 498
892 380
186 938
172 768
209 316
573 848
303 996
608 669
678 371
957 75
341 649
579 316
430 879
580 817
137 132
38 876
827 718
454 989
842 227
96 951
839 323
521 86
382 27
437 280
505 377
556 997
248 543
552 372
685 110
362 507
788 921
738 594
392 874
292 493
193 389
711 77
553 543
426 337
549 258
824 246
121 80
250 272
268 361
755 972
571 388
703 756
313 558
84 45
460 105
67 217
563 732
336 556
387 515
780 245
689 963
924 699
258 660
642 537
174 475
721 24
155 539
351 447
485 448
979 177
195 631
621 292
725 477
677 881
81 971
555 853
285 771
14 955
303 754
72 811
737 121
358 467
448 433
222 241
83 482
305 650
720 193
544 946
938 132
178 88
231 347
859 221
742 101
313 737
861 916
864 643
425 478
725 187
463 697
112 925
599 578
442 684
312 241
78 688
166 965
460 805
240 920
936 994
38 854
938 523
736 992
894 851
242 631
819 434
36 719
329 999
709 850
115 826
39 341
748 745
237 915
367 444
289 484
222 671
491 818
692 476
388 952
22 482
665 7
875 238
634 119
149 636
370 310
288 450
81 912
407 417
686 401
326 13
265 664
88 396
340 727
165 346
140 114
424 52
498 617
990 389
248 95
496 427
916 630
681 182
330 501
334 336
85 864
851 798
758 818
226 761
421 842
430 273
732 455
94 23
196 784
197 62
30 701
326 149
635 940
316 595
512 977
439 424
1 333
780 683
263 9
724 789
196 863
988 265
50 925
460 87
147 335
497 580
324 33
133 976
363 974
422 259
959 767
996 500
446 987
212 968
113 615
706 604
484 11
459 879
98 409
704 414
862 651
726 925
284 567
323 959
589 257
523 315
97 765
656 995
431 824
168 401
704 667
536 961
282 962
431 765
640 591
69 41
991 229
858 124
779 940
243 159
663 65
918 285
612 759
39 111
353 582
932 67
313 446
731 296
866 664
971 641
369 105
335 331
570 68
247 53
501 955
425 507
693 978
533 647
515 904
670 501
527 906
659 841
902 294
38 263
543 145
28 142
631 206
435 138
364 547
818 164
279 681
665 592
674 112
154 548
281 932
911 672
222 185
299 334
156 758
917 112
373 209
22 520
727 607
745 134
415 222
227 769
416 794
187 727
354 520
876 200
136 901
305 509
534 632
560 291
652 791
537 716
733 171
525 906
982 697
564 120
33 557
159 919
481 341
76 698
688 751
543 991
669 64
797 947
465 290
532 240
272 73
839 509
85 227
534 107
709 722
433 767
982 263
125 32
505 124
935 535
578 165
726 790
424 548
221 415
832 57
134 498
692 98
986 226
169 405
532 268
230 927
717 69
160 143
514 224
818 324
995 904
522 895
277 512
975 919
862 157
678 575
120 684
260 710
175 341
518 619
236 308
484 611
748 400
212 489
283 569
306 904
802 299
645 208
623 873
309 954
580 880
393 626
456 394
229 632
985 212
560 379
59 860
691 627
105 10
262 25
202 729
997 101
248 914
927 587
874 606
663 668
530 558
299 700
640 577
146 421
340 649
195 72
491 722
416 619
825 464
169 379
373 764
429 951
106 610
595 326
49 642
47 415
36 826
569 3
30 324
951 33
782 729
570 494
50 634
494 806
503 526
666 724
215 885
160 697
548 607
135 805
432 426
555 503
719 47
150 954
436 200
584 463
632 8
850 809
138 470
985 233
440 792
253 886
371 824
985 0
233 685
693 226
459 785
951 546
831 218
848 950
16 224
42 284
761 802
591 805
121 245
157 912
87 610
846 927
95 882
300 912
917 584
642 618
22 116
149 194
87 464
769 33
381 40
496 971
67 523
885 751
609 752
919 430
961 95
721 298
894 902
886 653
797 668
354 474
661 885
875 435
819 795
390 177
406 909
734 594
154 247
224 266
368 973
98 568
490 957
857 467
843 984
66 674
317 805
72 245
821 267
964 867
864 816
227 120
505 362
721 883
547 465
835 610
376 936
860 134
636 662
388 293
544 847
705 943
400 511
84 412
122 211
124 116
297 740
956 722
737 943
35 691
228 39
990 824
636 840
100 81
904 118
939 565
305 540
203 511
456 298
964 600
796 640
914 798
827 780
73 587
348 729
720 741
50 484
714 909
677 179
55 327
603 893
577 373
876 528
202 975
451 611
91 699
456 248
423 733
946 333
775 131
754 640
566 896
227 733
44 963
317 229
984 427
696 228
711 369
518 167
345 506
377 337
402 87
116 865
294 91
238 993
790 937
536 189
223 208
376 405
537 172
454 153
805 497
820 105
488 654
842 6
901 764
847 272
726 986
900 397
258 991
546 795
242 506
372 746
718 393
967 193
709 923
753 190
129 574
361 136
837 32
144 586
680 901
578 287
219 194
767 866
866 968
960 403
720 877
607 352
283 204
795 90
894 503
656 422
805 511
413 195
835 41
191 719
984 836
819 185
606 530
931 763
540 342
49 473
278 152
720 780
264 903
733 682
54 907
99 585
801 491
152 509
342 279
291 881
765 293
873 531
348 843
63 81
193 0
306 418
990 366
810 195
23 823
919 148
48 688
280 924
312 104
626 527
406 359
899 776
112 528
548 320
965 750
244 164
393 268
421 269
54 781
324 128
123 977
519 554
318 824
607 850
646 110
629 195
196 419
561 76
487 94
141 133
782 949
648 184
64 124
366 42
535 751
717 421
787 886
770 395
835 812
802 801
239 660
165 597
969 841
196 22
401 919
579 287
280 235
346 943
596 500
173 16
753 677
395 745
937 369
492 235
483 209
692 884
135 244
588 652
737 228
320 114
276 369
274 929
645 764
621 428
472 986
926 443
537 267
317 570
745 198
857 468
232 931
81 969
945 964
880 913
361 57
416 892
529 766
566 151
44 115
774 293
834 137
245 440
58 20
21 282
190 793
742 21
56 37
198 82
371 943
915 986
172 51
368 543
343 580
212 326
694 670
96 596
468 213
710 970
744 253
31 318
21 23
101 247
614 92
895 245
823 425
387 786
998 767
821 537
809 822
270 450
809 526
864 543
579 802
733 302
944 521
672 450
538 706
419 112
671 571
351 980
554 206
546 878
852 153
259 381
970 641
513 837
168 330
393 48
323 396
814 391
428 61
643 650
953 168
828 460
581 792
419 388
0 523
22 537
73 725
589 38
903 351
713 550
919 284
704 708
472 336
838 497
946 813
829 818
981 732
245 558
678 588
878 713
516 850
458 16
489 310
872 490
572 85
675 686
539 832
193 895
325 817
159 433
22 981
106 734
844 210
936 794
910 574
629 471
684 993
97 774
367 763
893 400
201 115
719 420
23 141
864 618
734 282
914 360
677 226
72 446
938 940
727 496
331 666
58 731
265 543
683 65
727 870
461 739
120 552
63 970
118 874
611 137
927 48
492 723
578 266
93 445
368 218
935 655
261 270
491 276
309 192
117 339
99 991
193 506
285 594
543 798
523 921
810 306
470 352
951 41
894 521
849 905
636 925
137 294
742 790
546 64
89 716
547 603
24 322
981 993
106 636
284 134
474 128
483 887
752 774
928 991
493 597
126 48
691 339
441 346
739 456
725 876
464 384
279 972
761 987
501 732
69 507
105 236
430 681
88 885
959 709
458 889
530 616
874 789
386 7
60 335
303 839
542 474
88 63
759 179
483 446
797 184
240 930
875 660
412 906
422 329
32 521
89 498
769 607
991 204
699 662
517 505
903 926
530 984
308 813
206 20
65 559
424 903
185 701
196 531
111 877
417 942
696 206
433 143
376 935
852 995
568 995
663 858
517 841
152 271
777 467
744 721
147 399
858 753
794 901
195 575
821 768
945 409
222 356
760 658
758 496
919 882
706 55
184 392
730 651
316 898
681 521
120 118
446 85
597 571
41 838
453 868
960 53
288 678
578 936
342 609
76 546
599 468
552 469
303 160
496 204
313 735
832 906
123 745
81 681
631 539
234 440
89 268
177 524
652 157
280 153
208 509
282 501
718 542
36 97
996 968
232 965
907 367
117 239
701 619
867 800
965 172
946 571
95 888
42 562
182 803
220 71
396 730
472 917
820 812
160 936
971 501
290 967
45 168
363 380
340 568
404 899
859 444
193 43
973 637
626 283
556 256
487 547
65 93
260 976
136 903
2 867
447 967
307 804
389 694
596 619
366 854
239 154
523 46
733 170
134 296
243 617
875 880
724 829
129 131
92 472
632 618
44 704
253 321
265 97
849 632
223 521
848 710
579 135
389 637
743 721
738 846
958 313
452 458
703 956
918 706
830 871
668 931
653 694
40 401
691 338
242 903
235 45
543 393
269 493
188 942
497 179
876 309
911 800
301 914
308 731
625 453
223 745
745 304
626 601
379 491
852 987
28 62
115 308
280 834
55 928
638 396
57 501
57 71
362 664
225 389
608 391
889 618
331 618
281 613
534 623
859 115
185 456
562 522
851 522
199 167
997 909
54 500
538 251
29 929
290 783
668 22
294 492
983 83
662 791
753 269
781 9
3 901
574 381
314 629
240 411
823 978
239 873
592 696
843 0
53 88
698 778
82 725
170 317
859 138
141 956
372 550
696 172
895 519
127 982
301 170
908 632
329 249
415 712
216 713
967 678
677 799
247 652
65 951
443 701
503 305
257 679
622 488
677 726
167 128
301 750
150 276
75 589
454 769
345 763
581 242
342 104
679 480
543 920
318 526
617 637
110 647
314 537
47 836
967 389
380 854
368 779
912 836
384 717
32 194
745 777
787 438
612 266
350 968
390 307
349 549
734 826
300 624
386 702
603 478
769 63
216 164
740 625
566 15
638 788
323 168
483 339
935 362
820 31
976 713
936 64
322 393
534 24
52 464
695 587
583 425
416 134
103 342
997 435
836 369
282 854
114 952
468 82
635 213
223 57
345 212
714 646
422 426
244 107
779 395
382 994
216 895
167 560
511 181
182 477
79 735
826 3
620 97
598 369
276 983
760 267
309 874
336 727
777 966
158 366
563 219
164 764
972 222
202 279
190 900
17 24
330 514
423 865
716 588
945 516
268 320
751 99
464 54
552 457
68 215
447 475
652 38
693 885
536 143
150 837
22 411
264 822
518 853
413 124
310 500
738 446
6 926
111 237
830 637
807 887
659 624
250 920
288 337
470 807
33 246
349 728
739 102
423 563
312 715
767 288
54 566
563 244
95 51
166 85
379 178
752 607
529 375
61 776
957 439
682 646
523 159
291 243
818 546
458 714
123 207
683 593
224 269
867 570
202 556
598 552
923 90
279 730
171 782
266 847
701 220
462 343
41 462
342 322
117 179
486 831
76 430
155 91
49 398
475 604
924 829
508 296
202 688
800 591
452 34
326 322
918 557
900 910
672 190
120 425
393 219
806 312
110 900
268 266
419 948
153 525
576 634
171 43
333 560
896 296
120 711
925 347
739 781
186 183
939 69
502 84
450 785
511 743
694 925
961 203
995 131
480 114
403 359
33 820
174 575
690 746
109 169
810 352
719 169
571 141
47 813
820 296
925 110
603 456
472 93
104 336
397 200
884 942
193 768
328 431
170 672
114 816
532 652
611 227
232 916
92 364
679 683
790 351
4 560
288 625
887 640
507 999
789 390
114 742
773 985
773 872
870 648
789 592
900 196
690 498
809 370
303 834
648 460
991 935
20 338
769 724
503 410
727 491
551 722
733 198
267 926
532 444
44 258
734 931
254 685
572 408
430 584
362 513
101 850
668 123
90 209
627 21
61 399
568 280
880 751
369 137
64 186
713 973
897 131
273 976
170 529
635 730
433 759
920 232
240 434
653 187
129 931
402 713
154 925
120 451
383 161
986 533
434 929
127 145
328 874
555 338
646 468
261 576
994 864
667 844
914 769
688 438
202 197
85 419
510 875
523 499
169 767
822 891
404 773
98 629
748 446
671 8
928 503
83 120
809 994
169 759
231 999
157 446
237 82
207 287
681 255
756 890
224 673
877 377
695 352
209 169
543 725
463 565
433 296
539 695
645 95
291 608
253 433
70 532
326 956
325 737
365 244
932 144
29 834
539 486
542 184
203 753
959 909
379 889
932 689
746 565
531 126
503 375
536 673
53 237
488 228
714 621
650 897
911 724
409 917
313 739
807 678
21 262
108 82
731 538
244 470
17 579
678 736
633 143
664 458
205 563
648 92
542 208
549 180
379 1
61 308
719 571
264 168
675 441
41 722
563 883
276 900
469 43
275 769
971 237
42 777
554 928
987 960
147 388
164 265
78 146
820 68
551 658
45 985
969 557
474 215
674 238
417 642
109 221
794 811
43 57
384 921
788 555
78 247
642 13
60 971
594 537
174 285
850 725
121 47
644 863
625 326
432 936
225 140
137 192
10 974
374 895
988 57
448 195
890 76
90 323
919 746
212 911
855 62
571 721
873 667
907 12
608 56
28 375
729 812
898 310
990 331
374 550
153 421
346 115
813 855
914 760
981 337
494 553
608 227
644 416
460 84
298 211
487 689
545 302
693 951
165 507
820 773
217 242
563 672
847 838
649 372
357 863
146 356
595 813
483 559
273 175
599 919
358 720
298 319
667 114
506 448
733 322
502 104
681 752
175 752
643 298
195 344
639 196
872 817
632 37
373 694
790 49
60 408
690 927
252 445
485 190
555 452
335 153
105 208
76 116
559 303
689 233
135 525
188 436
645 306
168 151
26 892
775 755
593 90
843 364
50 743
893 719
477 695
863 434
809 218
253 552
986 33
597 864
560 473
111 378
52 859
40 261
806 254
833 831
684 498
432 618
958 279
450 597
488 67
721 0
600 98
649 556
692 268
27 647
526 914
513 522
987 349
964 742
902 956
113 292
746 959
418 432
996 861
480 41
726 126
934 352
536 454
642 50
42 895
308 219
420 945
217 137
326 817
177 362
691 971
36 59
304 237
323 119
699 42
427 336
766 112
420 380
283 423
536 223
506 742
663 169
669 779
295 124
484 534
721 733
996 298
414 716
75 642
633 393
127 909
261 733
260 893
871 666
836 569
999 984
536 140
288 382
293 226
410 440
616 115
734 541
787 107
222 448
294 476
700 423
484 485
27 481
435 781
919 761
211 761
625 239
282 732
864 853
781 58
660 587
211 527
560 107
350 172
407 11
758 942
115 220
760 688
43 826
680 986
481 534
985 474
851 233
450 661
357 154
234 449
521 956
464 249
271 395
743 179
881 77
86 389
510 597
693 27
123 112
308 570
227 785
77 112
767 952
725 505
73 731
645 600
706 369
383 32
868 535
180 318
89 161
266 94
954 694
499 710
692 48
240 466
684 175
116 245
515 786
590 768
933 737
111 899
460 721
993 86
457 349
920 450
194 709
586 88
367 102
169 29
367 718
234 946
319 482
22 932
218 205
870 404
453 407
987 564
705 801
59 420
523 264
208 289
976 374
394 298
746 592
605 614
432 380
749 557
929 908
93 969
248 424
56 704
28 923
951 89
79 28
728 129
838 790
591 361
879 598
911 270
862 466
97 676
163 417
757 888
693 290
47 120
170 172
840 273
974 983
53 542
224 798
61 767
253 874
691 349
516 580
723 896
112 270
770 196
556 102
783 326
16 424
821 830
986 199
146 531
272 344
2 613
42 324
36 643
877 168
798 673
225 410
461 614
427 505
676 648
143 497
501 876
902 306
989 397
587 313
990 154
714 67
359 665
851 792
329 651
221 194
147 636
430 570
612 743
611 29
664 437
429 390
82 68
725 292
991 609
702 816
339 378
424 397
5 793
453 340
733 920
52 178
702 894
619 217
575 636
754 312
955 175
467 447
32 546
653 980
917 295
863 355
836 185
145 934
79 609
903 768
623 668
495 359
63 69
313 742
927 564
382 844
44 882
769 189
685 8
523 714
425 948
427 47
148 438
90 353
216 45
971 227
744 233
153 420
664 173
532 406
240 987
531 941
168 803
701 257
269 162
867 202
136 179
140 784
624 780
788 397
334 8
975 167
79 700
936 573
543 752
622 308
727 157
197 607
49 805
242 50
715 915
408 753
463 560
561 186
523 63
830 923
732 118
255 241
997 417
270 862
950 612
85 342
952 318
44 748
589 74
435 993
480 10
760 80
555 664
338 146
347 888
494 987
661 292
97 356
879 907
370 709
196 646
446 993
519 119
902 141
801 798
554 966
781 41
553 54
632 830
280 379
654 657
896 644
455 269
173 841
577 377
296 638
863 712
670 299
583 428
273 315
676 663
76 895
355 538
98 396
812 528
814 685
80 512
645 580
670 194
810 907
875 346
675 513
500 979
564 936
52 400
304 705
951 558
416 78
412 603
521 67
83 737
661 552
54 248
219 588
230 25
603 454
706 493
242 647
566 96
707 783
935 14
543 658
708 328
667 31
673 26
48 421
101 244
952 826
4 899
76 58
199 779
115 568
702 124
356 468
247 606
684 489
272 347
171 930
153 871
401 680
997 798
86 906
303 266
367 530
546 399
69 240
952 702
319 677
300 906
287 550
859 474
154 891
404 907
833 259
337 210
829 710
29 659
992 343
13 897
230 403
700 754
561 154
631 709
164 545
791 595
527 522
84 872
234 713
638 204
221 299
959 842
276 429
565 493
304 430
171 282
623 474
247 918
862 68
702 756
997 752
92 379
848 746
350 958
531 545
147 725
33 678
216 384
264 184
650 453
190 491
824 435
599 624
414 27
139 968
262 53
134 230
286 844
289 6
596 239
751 998
438 885
322 991
623 972
475 855
636 798
632 463
916 865
55 164
781 234
521 5
484 517
98 719
44 19
549 96
120 656
579 959
805 315
508 677
385 24
240 623
430 747
880 497
788 126
657 581
641 795
123 140
311 763
407 227
476 836
817 935
598 8
48 173
180 542
102 598
835 275
108 954
86 31
209 202
124 720
383 990
300 245
622 903
107 312
66 355
262 48
968 51
51 306
814 98
641 92
304 268
601 863
302 960
916 230
603 724
947 351
920 452
846 52
15 486
772 406
164 685
409 376
885 527
478 203
67 269
354 483
752 271
389 693
696 754
205 219
717 144
354 54
546 378
117 863
601 651
590 986
680 692
873 951
53 655
322 742
683 715
544 286
205 540
509 875
495 675
982 874
396 241
253 153
241 580
260 888
24 331
188 494
777 548
707 250
156 328
492 511
898 671
64 914
73 997
11 883
498 950
635 53
592 717
97 958
743 148
930 563
355 248
789 194
450 629
805 892
680 258
596 93
319 787
416 119
28 307
543 324
325 364
623 750
94 237
598 214
602 270
928 357
279 931
943 217
794 979
389 279
674 324
556 498
681 676
623 934
834 764
451 208
555 946
252 741
180 333
722 179
336 110
387 395
67 142
920 977
77 767
784 137
456 146
137 286
182 728
120 19
905 861
140 19
582 49
895 553
930 455
245 476
853 116
511 154
374 681
148 615
682 521
283 483
655 662
646 901
970 488
117 686
895 701
75 445
495 6
997 596
767 227
337 8
219 803
659 947
697 957
42 431
834 596
897 560
540 866
529 367
114 204
523 759
133 622
860 310
659 283
898 850
606 866
531 141
88 760
212 294
938 703
831 317
180 936
646 987
822 938
203 428
845 646
674 810
154 678
838 975
468 162
656 734
262 39
847 311
611 373
953 325
621 187
143 854
405 209
454 927
60 945
762 736
296 322
837 307
499 107
733 381
37 793
540 86
898 549
505 979
983 997
291 805
54 525
55 402
782 351
152 555
408 480
846 828
921 486
52 184
261 514
59 978
641 76
943 48
325 388
272 325
809 576
807 353
128 759
433 136
82 544
152 508
635 952
292 271
17 750
136 633
387 597
49 234
460 606
690 92
375 270
210 536
29 747
159 52
641 295
244 150
629 975
702 352
389 666
364 488
737 921
700 650
41 672
939 860
105 358
492 670
131 422
602 44
827 690
937 665
606 705
646 945
588 854
398 579
260 29
540 946
926 377
525 479
948 279
5 205
82 905
748 336
365 568
115 706
200 777
272 908
145 834
402 189
874 898
246 450
835 730
271 146
52 92
852 717
560 478
844 425
694 459
637 768
25 743
577 937
791 60
329 681
503 925
596 982
475 351
384 200
154 116
270 276
712 646
690 346
275 603
495 448
586 329
308 615
825 923
301 743
777 860
461 191
128 591
461 97
209 713
704 760
391 996
745 734
419 656
476 375
545 332
96 55
960 676
830 797
6 821
201 969
845 419
43 285
497 979
653 929
791 655
732 661
8 718
939 150
475 511
809 828
657 874
803 6
778 779
196 866
693 772
280 557
764 150
640 691
6 915
24 532
686 27
293 659
392 544
850 484
788 624
377 786
667 376
734 866
910 672
287 199
415 390
352 563
383 2
196 662
230 676
301 502
689 933
668 316
853 824
636 287
825 214
529 903
594 120
806 191
553 805
852 864
767 569
878 799
136 334
281 202
829 889
938 468
787 611
175 90
754 938
175 561
896 940
341 430
699 840
976 738
549 977
614 928
817 223
766 493
845 579
749 194
504 583
465 105
578 961
137 738
211 178
709 584
539 174
842 917
257 338
925 622
863 181
785 708
323 269
340 817
80 632
612 180
490 891
254 96
321 881
839 447
877 836
155 822
32 721
467 518
937 131
596 951
604 231
842 72
646 823
12 423
151 606
768 833
864 831
143 495
516 98
875 886
99 19
653 945
585 968
148 557
950 192
360 305
30 659
388 160
209 25
889 724
28 531
447 72
998 832
558 881
911 477
395 171
114 893
855 908
364 800
985 583
157 283
852 40
947 436
227 103
229 735
312 306
373 946
900 619
415 810
400 275
734 192
51 857
318 868
884 836
252 700
425 361
821 16
949 94
819 289
873 37
213 559
981 960
883 863
927 41
129 903
709 319
117 741
162 405
666 571
140 505
473 972
167 846
151 814
538 606
297 204
278 671
235 542
423 160
969 215
452 889
